0 8.000 8.00 0.00 0.00 0.00
0 11.000 3.00 0.00 0.00 0.00
1 15.000 4.00 0.00 0.00 0.00
2 17.000 2.00 0.11 0.11 0.10
3 20.000 3.00 0.11 0.11 0.10
1 22.000 2.00 0.00 0.00 0.00
2 23.000 1.00 -0.11 0.11 0.10
3 26.000 3.00 -0.11 0.11 0.10
1 29.000 3.00 0.00 0.00 0.00
2 31.000 2.00 -0.15 0.00 0.10
3 34.000 3.00 -0.15 0.00 0.10
0 37.000 3.00 0.00 0.00 0.00
1 39.000 2.00 0.00 0.00 0.00
2 41.000 2.00 0.11 0.11 0.10
3 44.000 3.00 0.11 0.11 0.10
1 48.000 4.00 0.00 0.00 0.00
2 49.000 1.00 0.11 -0.11 0.10
3 52.000 3.00 0.11 -0.11 0.10
0 55.000 3.00 0.00 0.00 0.00
1 58.000 3.00 0.00 0.00 0.00
2 60.000 2.00 0.11 0.11 0.10
3 63.000 3.00 0.11 0.11 0.10
1 67.000 4.00 0.00 0.00 0.00
2 68.000 1.00 0.00 0.15 0.10
3 71.000 3.00 0.00 0.15 0.10
1 75.000 4.00 0.00 0.00 0.00
2 76.000 1.00 0.15 0.00 0.10
3 79.000 3.00 0.15 0.00 0.10
1 82.000 3.00 0.00 0.00 0.00
2 85.000 3.00 0.11 -0.11 0.10
3 88.000 3.00 0.11 -0.11 0.10
1 92.000 4.00 0.00 0.00 0.00
2 93.000 1.00 -0.15 0.00 0.10
3 96.000 3.00 -0.15 0.00 0.10
1 100.000 4.00 0.00 0.00 0.00
2 101.000 1.00 -0.15 0.00 0.10
3 104.000 3.00 -0.15 0.00 0.10
1 108.000 4.00 0.00 0.00 0.00
2 111.000 3.00 0.11 -0.11 0.10
3 114.000 3.00 0.11 -0.11 0.10
0 117.000 3.00 0.00 0.00 0.00
1 120.000 3.00 0.00 0.00 0.00
2 123.000 3.00 -0.11 0.11 0.10
3 126.000 3.00 -0.11 0.11 0.10
1 130.000 4.00 0.00 0.00 0.00
2 131.000 1.00 -0.11 -0.11 0.10
3 134.000 3.00 -0.11 -0.11 0.10
1 138.000 4.00 0.00 0.00 0.00
2 141.000 3.00 0.11 0.11 0.10
3 144.000 3.00 0.11 0.11 0.10
1 148.000 4.00 0.00 0.00 0.00
2 149.000 1.00 0.00 0.15 0.10
3 152.000 3.00 0.00 0.15 0.10
1 155.000 3.00 0.00 0.00 0.00
2 156.000 1.00 0.11 -0.11 0.10
3 159.000 3.00 0.11 -0.11 0.10
1 161.000 2.00 0.00 0.00 0.00
2 162.000 1.00 -0.11 -0.11 0.10
3 165.000 3.00 -0.11 -0.11 0.10
1 168.000 3.00 0.00 0.00 0.00
2 170.000 2.00 -0.11 -0.11 0.10
3 173.000 3.00 -0.11 -0.11 0.10
1 177.000 4.00 0.00 0.00 0.00
2 179.000 2.00 -0.00 -0.15 0.10
3 182.000 3.00 -0.00 -0.15 0.10
1 185.000 3.00 0.00 0.00 0.00
2 188.000 3.00 -0.11 -0.11 0.10
3 191.000 3.00 -0.11 -0.11 0.10
1 195.000 4.00 0.00 0.00 0.00
2 197.000 2.00 -0.15 0.00 0.10
3 200.000 3.00 -0.15 0.00 0.10
1 204.000 4.00 0.00 0.00 0.00
2 205.000 1.00 0.00 0.15 0.10
3 208.000 3.00 0.00 0.15 0.10
1 212.000 4.00 0.00 0.00 0.00
2 214.000 2.00 0.00 0.15 0.10
3 217.000 3.00 0.00 0.15 0.10
1 219.000 2.00 0.00 0.00 0.00
2 222.000 3.00 -0.11 0.11 0.10
3 225.000 3.00 -0.11 0.11 0.10
1 228.000 3.00 0.00 0.00 0.00
2 229.000 1.00 -0.11 0.11 0.10
3 232.000 3.00 -0.11 0.11 0.10
1 234.000 2.00 0.00 0.00 0.00
2 237.000 3.00 0.15 0.00 0.10
3 240.000 3.00 0.15 0.00 0.10
1 244.000 4.00 0.00 0.00 0.00
2 247.000 3.00 0.15 0.00 0.10
3 250.000 3.00 0.15 0.00 0.10
1 254.000 4.00 0.00 0.00 0.00
2 257.000 3.00 -0.11 -0.11 0.10
3 260.000 3.00 -0.11 -0.11 0.10
1 264.000 4.00 0.00 0.00 0.00
2 265.000 1.00 -0.11 0.11 0.10
3 268.000 3.00 -0.11 0.11 0.10
1 272.000 4.00 0.00 0.00 0.00
2 275.000 3.00 0.15 0.00 0.10
3 278.000 3.00 0.15 0.00 0.10
1 280.000 2.00 0.00 0.00 0.00
2 281.000 1.00 0.15 0.00 0.10
3 284.000 3.00 0.15 0.00 0.10
1 288.000 4.00 0.00 0.00 0.00
2 289.000 1.00 -0.00 -0.15 0.10
3 292.000 3.00 -0.00 -0.15 0.10
0 295.000 3.00 0.00 0.00 0.00
1 299.000 4.00 0.00 0.00 0.00
2 301.000 2.00 -0.00 -0.15 0.10
3 304.000 3.00 -0.00 -0.15 0.10
1 307.000 3.00 0.00 0.00 0.00
2 308.000 1.00 -0.00 -0.15 0.10
3 311.000 3.00 -0.00 -0.15 0.10
1 314.000 3.00 0.00 0.00 0.00
2 316.000 2.00 0.00 0.15 0.10
3 319.000 3.00 0.00 0.15 0.10
1 321.000 2.00 0.00 0.00 0.00
2 323.000 2.00 0.11 0.11 0.10
3 326.000 3.00 0.11 0.11 0.10
1 330.000 4.00 0.00 0.00 0.00
2 331.000 1.00 -0.00 -0.15 0.10
3 334.000 3.00 -0.00 -0.15 0.10
1 337.000 3.00 0.00 0.00 0.00
2 339.000 2.00 0.11 -0.11 0.10
3 342.000 3.00 0.11 -0.11 0.10
1 344.000 2.00 0.00 0.00 0.00
2 347.000 3.00 -0.15 0.00 0.10
3 350.000 3.00 -0.15 0.00 0.10
0 354.000 4.00 0.00 0.00 0.00
