0 8.000 8.00 0.00 0.00 0.00
0 11.000 3.00 0.00 0.00 0.00
0 14.000 3.00 0.00 0.00 0.00
1 16.000 2.00 0.00 0.00 0.00
2 18.000 2.00 -0.15 0.00 0.10
3 21.000 3.00 -0.15 0.00 0.10
1 23.000 2.00 0.00 0.00 0.00
2 24.000 1.00 0.15 0.00 0.10
3 27.000 3.00 0.15 0.00 0.10
1 31.000 4.00 0.00 0.00 0.00
2 33.000 2.00 0.11 -0.11 0.10
3 36.000 3.00 0.11 -0.11 0.10
1 39.000 3.00 0.00 0.00 0.00
2 42.000 3.00 -0.11 0.11 0.10
3 45.000 3.00 -0.11 0.11 0.10
1 48.000 3.00 0.00 0.00 0.00
2 49.000 1.00 -0.11 -0.11 0.10
3 52.000 3.00 -0.11 -0.11 0.10
1 55.000 3.00 0.00 0.00 0.00
2 58.000 3.00 -0.15 0.00 0.10
3 61.000 3.00 -0.15 0.00 0.10
1 65.000 4.00 0.00 0.00 0.00
2 68.000 3.00 0.15 0.00 0.10
3 71.000 3.00 0.15 0.00 0.10
1 74.000 3.00 0.00 0.00 0.00
2 77.000 3.00 -0.15 0.00 0.10
3 80.000 3.00 -0.15 0.00 0.10
1 84.000 4.00 0.00 0.00 0.00
2 87.000 3.00 0.11 -0.11 0.10
3 90.000 3.00 0.11 -0.11 0.10
1 93.000 3.00 0.00 0.00 0.00
2 94.000 1.00 -0.11 0.11 0.10
3 97.000 3.00 -0.11 0.11 0.10
1 100.000 3.00 0.00 0.00 0.00
2 102.000 2.00 0.11 0.11 0.10
3 105.000 3.00 0.11 0.11 0.10
1 109.000 4.00 0.00 0.00 0.00
2 111.000 2.00 -0.15 0.00 0.10
3 114.000 3.00 -0.15 0.00 0.10
1 118.000 4.00 0.00 0.00 0.00
2 121.000 3.00 -0.11 -0.11 0.10
3 124.000 3.00 -0.11 -0.11 0.10
1 128.000 4.00 0.00 0.00 0.00
2 131.000 3.00 0.15 0.00 0.10
3 134.000 3.00 0.15 0.00 0.10
1 138.000 4.00 0.00 0.00 0.00
2 141.000 3.00 -0.00 -0.15 0.10
3 144.000 3.00 -0.00 -0.15 0.10
1 146.000 2.00 0.00 0.00 0.00
2 149.000 3.00 -0.11 -0.11 0.10
3 152.000 3.00 -0.11 -0.11 0.10
1 155.000 3.00 0.00 0.00 0.00
2 156.000 1.00 0.11 0.11 0.10
3 159.000 3.00 0.11 0.11 0.10
1 162.000 3.00 0.00 0.00 0.00
2 165.000 3.00 0.11 -0.11 0.10
3 168.000 3.00 0.11 -0.11 0.10
1 171.000 3.00 0.00 0.00 0.00
2 172.000 1.00 0.15 0.00 0.10
3 175.000 3.00 0.15 0.00 0.10
1 178.000 3.00 0.00 0.00 0.00
2 179.000 1.00 0.15 0.00 0.10
3 182.000 3.00 0.15 0.00 0.10
1 185.000 3.00 0.00 0.00 0.00
2 186.000 1.00 0.00 0.15 0.10
3 189.000 3.00 0.00 0.15 0.10
1 193.000 4.00 0.00 0.00 0.00
2 195.000 2.00 -0.00 -0.15 0.10
3 198.000 3.00 -0.00 -0.15 0.10
1 200.000 2.00 0.00 0.00 0.00
2 201.000 1.00 0.11 0.11 0.10
3 204.000 3.00 0.11 0.11 0.10
1 208.000 4.00 0.00 0.00 0.00
2 209.000 1.00 -0.15 0.00 0.10
3 212.000 3.00 -0.15 0.00 0.10
1 216.000 4.00 0.00 0.00 0.00
2 218.000 2.00 0.00 0.15 0.10
3 221.000 3.00 0.00 0.15 0.10
1 223.000 2.00 0.00 0.00 0.00
2 225.000 2.00 0.11 -0.11 0.10
3 228.000 3.00 0.11 -0.11 0.10
1 230.000 2.00 0.00 0.00 0.00
2 233.000 3.00 0.00 0.15 0.10
3 236.000 3.00 0.00 0.15 0.10
1 240.000 4.00 0.00 0.00 0.00
2 242.000 2.00 0.11 -0.11 0.10
3 245.000 3.00 0.11 -0.11 0.10
1 247.000 2.00 0.00 0.00 0.00
2 248.000 1.00 -0.11 -0.11 0.10
3 251.000 3.00 -0.11 -0.11 0.10
1 253.000 2.00 0.00 0.00 0.00
2 255.000 2.00 -0.00 -0.15 0.10
3 258.000 3.00 -0.00 -0.15 0.10
1 262.000 4.00 0.00 0.00 0.00
2 265.000 3.00 0.00 0.15 0.10
3 268.000 3.00 0.00 0.15 0.10
0 271.000 3.00 0.00 0.00 0.00
1 273.000 2.00 0.00 0.00 0.00
2 274.000 1.00 -0.11 0.11 0.10
3 277.000 3.00 -0.11 0.11 0.10
1 279.000 2.00 0.00 0.00 0.00
2 282.000 3.00 -0.00 -0.15 0.10
3 285.000 3.00 -0.00 -0.15 0.10
1 287.000 2.00 0.00 0.00 0.00
2 289.000 2.00 -0.11 0.11 0.10
3 292.000 3.00 -0.11 0.11 0.10
1 296.000 4.00 0.00 0.00 0.00
2 299.000 3.00 0.11 0.11 0.10
3 302.000 3.00 0.11 0.11 0.10
0 305.000 3.00 0.00 0.00 0.00
1 308.000 3.00 0.00 0.00 0.00
2 311.000 3.00 0.11 0.11 0.10
3 314.000 3.00 0.11 0.11 0.10
1 318.000 4.00 0.00 0.00 0.00
2 321.000 3.00 -0.11 0.11 0.10
3 324.000 3.00 -0.11 0.11 0.10
1 328.000 4.00 0.00 0.00 0.00
2 329.000 1.00 -0.11 -0.11 0.10
3 332.000 3.00 -0.11 -0.11 0.10
1 335.000 3.00 0.00 0.00 0.00
2 337.000 2.00 -0.00 -0.15 0.10
3 340.000 3.00 -0.00 -0.15 0.10
0 343.000 3.00 0.00 0.00 0.00
1 347.000 4.00 0.00 0.00 0.00
2 348.000 1.00 0.00 0.15 0.10
3 351.000 3.00 0.00 0.15 0.10
0 354.000 3.00 0.00 0.00 0.00
