0 8.000 8.00 0.00 0.00 0.00
1 9.000 1.00 0.00 0.00 0.00
2 11.000 2.00 0.11 0.11 0.10
3 13.000 2.00 0.11 0.11 0.10
1 14.000 1.00 0.00 0.00 0.00
2 15.000 1.00 0.00 0.15 0.10
3 18.000 3.00 0.00 0.15 0.10
1 19.000 1.00 0.00 0.00 0.00
2 20.000 1.00 -0.00 -0.15 0.10
3 23.000 3.00 -0.00 -0.15 0.10
1 25.000 2.00 0.00 0.00 0.00
2 27.000 2.00 -0.15 0.00 0.10
3 29.000 2.00 -0.15 0.00 0.10
0 32.000 3.00 0.00 0.00 0.00
1 34.000 2.00 0.00 0.00 0.00
2 35.000 1.00 -0.11 0.11 0.10
3 38.000 3.00 -0.11 0.11 0.10
1 40.000 2.00 0.00 0.00 0.00
2 41.000 1.00 0.15 0.00 0.10
3 43.000 2.00 0.15 0.00 0.10
1 44.000 1.00 0.00 0.00 0.00
2 46.000 2.00 -0.11 -0.11 0.10
3 49.000 3.00 -0.11 -0.11 0.10
1 50.000 1.00 0.00 0.00 0.00
2 52.000 2.00 -0.11 0.11 0.10
3 54.000 2.00 -0.11 0.11 0.10
0 57.000 3.00 0.00 0.00 0.00
1 58.000 1.00 0.00 0.00 0.00
2 60.000 2.00 0.11 -0.11 0.10
3 63.000 3.00 0.11 -0.11 0.10
1 65.000 2.00 0.00 0.00 0.00
2 66.000 1.00 -0.11 0.11 0.10
3 69.000 3.00 -0.11 0.11 0.10
1 70.000 1.00 0.00 0.00 0.00
2 71.000 1.00 0.11 -0.11 0.10
3 74.000 3.00 0.11 -0.11 0.10
1 75.000 1.00 0.00 0.00 0.00
2 76.000 1.00 0.11 -0.11 0.10
3 78.000 2.00 0.11 -0.11 0.10
1 79.000 1.00 0.00 0.00 0.00
2 80.000 1.00 0.00 0.15 0.10
3 82.000 2.00 0.00 0.15 0.10
1 83.000 1.00 0.00 0.00 0.00
2 85.000 2.00 -0.00 -0.15 0.10
3 88.000 3.00 -0.00 -0.15 0.10
1 89.000 1.00 0.00 0.00 0.00
2 91.000 2.00 0.15 0.00 0.10
3 93.000 2.00 0.15 0.00 0.10
1 95.000 2.00 0.00 0.00 0.00
2 96.000 1.00 -0.11 -0.11 0.10
3 99.000 3.00 -0.11 -0.11 0.10
1 101.000 2.00 0.00 0.00 0.00
2 102.000 1.00 -0.15 0.00 0.10
3 105.000 3.00 -0.15 0.00 0.10
1 107.000 2.00 0.00 0.00 0.00
2 108.000 1.00 0.11 0.11 0.10
3 111.000 3.00 0.11 0.11 0.10
1 113.000 2.00 0.00 0.00 0.00
2 114.000 1.00 -0.15 0.00 0.10
3 116.000 2.00 -0.15 0.00 0.10
0 119.000 3.00 0.00 0.00 0.00
1 121.000 2.00 0.00 0.00 0.00
2 123.000 2.00 -0.00 -0.15 0.10
3 126.000 3.00 -0.00 -0.15 0.10
1 127.000 1.00 0.00 0.00 0.00
2 128.000 1.00 -0.00 -0.15 0.10
3 130.000 2.00 -0.00 -0.15 0.10
1 131.000 1.00 0.00 0.00 0.00
2 132.000 1.00 -0.11 0.11 0.10
3 135.000 3.00 -0.11 0.11 0.10
1 137.000 2.00 0.00 0.00 0.00
2 138.000 1.00 -0.11 0.11 0.10
3 140.000 2.00 -0.11 0.11 0.10
1 142.000 2.00 0.00 0.00 0.00
2 143.000 1.00 0.15 0.00 0.10
3 145.000 2.00 0.15 0.00 0.10
1 146.000 1.00 0.00 0.00 0.00
2 147.000 1.00 0.00 0.15 0.10
3 150.000 3.00 0.00 0.15 0.10
1 152.000 2.00 0.00 0.00 0.00
2 154.000 2.00 0.11 0.11 0.10
3 157.000 3.00 0.11 0.11 0.10
1 158.000 1.00 0.00 0.00 0.00
2 160.000 2.00 0.15 0.00 0.10
3 162.000 2.00 0.15 0.00 0.10
1 164.000 2.00 0.00 0.00 0.00
2 165.000 1.00 0.15 0.00 0.10
3 167.000 2.00 0.15 0.00 0.10
1 168.000 1.00 0.00 0.00 0.00
2 169.000 1.00 0.11 -0.11 0.10
3 171.000 2.00 0.11 -0.11 0.10
1 172.000 1.00 0.00 0.00 0.00
2 174.000 2.00 0.00 0.15 0.10
3 176.000 2.00 0.00 0.15 0.10
1 178.000 2.00 0.00 0.00 0.00
2 180.000 2.00 -0.11 -0.11 0.10
3 182.000 2.00 -0.11 -0.11 0.10
0 185.000 3.00 0.00 0.00 0.00
1 186.000 1.00 0.00 0.00 0.00
2 187.000 1.00 -0.15 0.00 0.10
3 189.000 2.00 -0.15 0.00 0.10
1 190.000 1.00 0.00 0.00 0.00
2 191.000 1.00 -0.11 -0.11 0.10
3 194.000 3.00 -0.11 -0.11 0.10
1 195.000 1.00 0.00 0.00 0.00
2 196.000 1.00 -0.15 0.00 0.10
3 198.000 2.00 -0.15 0.00 0.10
1 199.000 1.00 0.00 0.00 0.00
2 201.000 2.00 0.11 0.11 0.10
3 203.000 2.00 0.11 0.11 0.10
0 206.000 3.00 0.00 0.00 0.00
1 207.000 1.00 0.00 0.00 0.00
2 208.000 1.00 -0.11 -0.11 0.10
3 211.000 3.00 -0.11 -0.11 0.10
1 213.000 2.00 0.00 0.00 0.00
2 214.000 1.00 0.11 0.11 0.10
3 216.000 2.00 0.11 0.11 0.10
1 218.000 2.00 0.00 0.00 0.00
2 220.000 2.00 0.00 0.15 0.10
3 223.000 3.00 0.00 0.15 0.10
1 225.000 2.00 0.00 0.00 0.00
2 227.000 2.00 -0.00 -0.15 0.10
3 230.000 3.00 -0.00 -0.15 0.10
1 232.000 2.00 0.00 0.00 0.00
2 234.000 2.00 0.11 -0.11 0.10
3 237.000 3.00 0.11 -0.11 0.10
0 241.000 4.00 0.00 0.00 0.00
