0 8.000 8.00 0.00 0.00 0.00
1 10.000 2.00 0.00 0.00 0.00
2 12.000 2.00 -0.00 -0.15 0.10
3 14.000 2.00 -0.00 -0.15 0.10
1 15.000 1.00 0.00 0.00 0.00
2 16.000 1.00 0.00 0.15 0.10
3 19.000 3.00 0.00 0.15 0.10
1 20.000 1.00 0.00 0.00 0.00
2 22.000 2.00 0.11 0.11 0.10
3 25.000 3.00 0.11 0.11 0.10
1 26.000 1.00 0.00 0.00 0.00
2 28.000 2.00 0.00 0.15 0.10
3 30.000 2.00 0.00 0.15 0.10
1 32.000 2.00 0.00 0.00 0.00
2 33.000 1.00 -0.11 0.11 0.10
3 36.000 3.00 -0.11 0.11 0.10
1 37.000 1.00 0.00 0.00 0.00
2 39.000 2.00 -0.11 0.11 0.10
3 41.000 2.00 -0.11 0.11 0.10
1 42.000 1.00 0.00 0.00 0.00
2 43.000 1.00 -0.11 0.11 0.10
3 45.000 2.00 -0.11 0.11 0.10
1 46.000 1.00 0.00 0.00 0.00
2 47.000 1.00 -0.15 0.00 0.10
3 50.000 3.00 -0.15 0.00 0.10
0 53.000 3.00 0.00 0.00 0.00
1 55.000 2.00 0.00 0.00 0.00
2 57.000 2.00 0.11 0.11 0.10
3 59.000 2.00 0.11 0.11 0.10
1 60.000 1.00 0.00 0.00 0.00
2 61.000 1.00 0.11 0.11 0.10
3 64.000 3.00 0.11 0.11 0.10
1 66.000 2.00 0.00 0.00 0.00
2 68.000 2.00 0.11 -0.11 0.10
3 71.000 3.00 0.11 -0.11 0.10
1 73.000 2.00 0.00 0.00 0.00
2 75.000 2.00 0.11 -0.11 0.10
3 77.000 2.00 0.11 -0.11 0.10
1 79.000 2.00 0.00 0.00 0.00
2 81.000 2.00 0.11 -0.11 0.10
3 83.000 2.00 0.11 -0.11 0.10
1 84.000 1.00 0.00 0.00 0.00
2 85.000 1.00 -0.11 -0.11 0.10
3 87.000 2.00 -0.11 -0.11 0.10
1 88.000 1.00 0.00 0.00 0.00
2 89.000 1.00 0.15 0.00 0.10
3 92.000 3.00 0.15 0.00 0.10
1 93.000 1.00 0.00 0.00 0.00
2 94.000 1.00 0.15 0.00 0.10
3 96.000 2.00 0.15 0.00 0.10
1 98.000 2.00 0.00 0.00 0.00
2 99.000 1.00 -0.11 0.11 0.10
3 101.000 2.00 -0.11 0.11 0.10
0 104.000 3.00 0.00 0.00 0.00
1 105.000 1.00 0.00 0.00 0.00
2 106.000 1.00 -0.15 0.00 0.10
3 109.000 3.00 -0.15 0.00 0.10
1 110.000 1.00 0.00 0.00 0.00
2 112.000 2.00 0.15 0.00 0.10
3 114.000 2.00 0.15 0.00 0.10
1 115.000 1.00 0.00 0.00 0.00
2 117.000 2.00 -0.11 -0.11 0.10
3 120.000 3.00 -0.11 -0.11 0.10
1 122.000 2.00 0.00 0.00 0.00
2 124.000 2.00 -0.15 0.00 0.10
3 126.000 2.00 -0.15 0.00 0.10
1 127.000 1.00 0.00 0.00 0.00
2 128.000 1.00 -0.00 -0.15 0.10
3 130.000 2.00 -0.00 -0.15 0.10
1 132.000 2.00 0.00 0.00 0.00
2 134.000 2.00 0.11 0.11 0.10
3 137.000 3.00 0.11 0.11 0.10
1 139.000 2.00 0.00 0.00 0.00
2 140.000 1.00 -0.15 0.00 0.10
3 142.000 2.00 -0.15 0.00 0.10
1 143.000 1.00 0.00 0.00 0.00
2 144.000 1.00 -0.15 0.00 0.10
3 146.000 2.00 -0.15 0.00 0.10
0 149.000 3.00 0.00 0.00 0.00
1 151.000 2.00 0.00 0.00 0.00
2 152.000 1.00 0.15 0.00 0.10
3 155.000 3.00 0.15 0.00 0.10
1 157.000 2.00 0.00 0.00 0.00
2 158.000 1.00 -0.11 -0.11 0.10
3 160.000 2.00 -0.11 -0.11 0.10
1 161.000 1.00 0.00 0.00 0.00
2 163.000 2.00 -0.11 -0.11 0.10
3 165.000 2.00 -0.11 -0.11 0.10
1 166.000 1.00 0.00 0.00 0.00
2 168.000 2.00 -0.11 0.11 0.10
3 171.000 3.00 -0.11 0.11 0.10
1 172.000 1.00 0.00 0.00 0.00
2 174.000 2.00 0.00 0.15 0.10
3 177.000 3.00 0.00 0.15 0.10
1 179.000 2.00 0.00 0.00 0.00
2 180.000 1.00 0.11 -0.11 0.10
3 183.000 3.00 0.11 -0.11 0.10
1 185.000 2.00 0.00 0.00 0.00
2 187.000 2.00 0.11 0.11 0.10
3 190.000 3.00 0.11 0.11 0.10
1 192.000 2.00 0.00 0.00 0.00
2 193.000 1.00 -0.11 -0.11 0.10
3 195.000 2.00 -0.11 -0.11 0.10
1 197.000 2.00 0.00 0.00 0.00
2 199.000 2.00 -0.00 -0.15 0.10
3 201.000 2.00 -0.00 -0.15 0.10
0 204.000 3.00 0.00 0.00 0.00
1 205.000 1.00 0.00 0.00 0.00
2 207.000 2.00 -0.00 -0.15 0.10
3 209.000 2.00 -0.00 -0.15 0.10
1 211.000 2.00 0.00 0.00 0.00
2 212.000 1.00 -0.00 -0.15 0.10
3 215.000 3.00 -0.00 -0.15 0.10
1 216.000 1.00 0.00 0.00 0.00
2 218.000 2.00 0.15 0.00 0.10
3 220.000 2.00 0.15 0.00 0.10
1 222.000 2.00 0.00 0.00 0.00
2 223.000 1.00 0.00 0.15 0.10
3 225.000 2.00 0.00 0.15 0.10
0 228.000 3.00 0.00 0.00 0.00
1 229.000 1.00 0.00 0.00 0.00
2 230.000 1.00 0.00 0.15 0.10
3 233.000 3.00 0.00 0.15 0.10
1 234.000 1.00 0.00 0.00 0.00
2 235.000 1.00 0.11 -0.11 0.10
3 237.000 2.00 0.11 -0.11 0.10
0 241.000 4.00 0.00 0.00 0.00
