0 5.000 5.00 0.00 0.00 0.00
1 9.846 4.85 0.00 0.00 0.00
2 11.846 2.00 -0.10 0.10 0.05
3 15.846 4.00 -0.10 0.10 0.05
0 18.846 3.00 0.00 0.00 0.00
0 21.846 3.00 0.00 0.00 0.00
1 22.879 1.03 0.00 0.00 0.00
2 24.879 2.00 0.10 0.10 0.05
3 28.879 4.00 0.10 0.10 0.05
1 31.473 2.59 0.00 0.00 0.00
2 33.473 2.00 -0.10 -0.10 0.05
3 37.473 4.00 -0.10 -0.10 0.05
1 40.424 2.95 0.00 0.00 0.00
2 42.424 2.00 0.10 -0.10 0.05
3 46.424 4.00 0.10 -0.10 0.05
1 49.896 3.47 0.00 0.00 0.00
2 51.896 2.00 -0.10 0.10 0.05
3 55.896 4.00 -0.10 0.10 0.05
0 58.896 3.00 0.00 0.00 0.00
1 60.177 1.28 0.00 0.00 0.00
2 62.177 2.00 0.10 0.10 0.05
3 66.177 4.00 0.10 0.10 0.05
1 67.747 1.57 0.00 0.00 0.00
2 69.747 2.00 -0.10 0.10 0.05
3 73.747 4.00 -0.10 0.10 0.05
1 77.364 3.62 0.00 0.00 0.00
2 79.364 2.00 -0.10 0.10 0.05
3 83.364 4.00 -0.10 0.10 0.05
1 85.237 1.87 0.00 0.00 0.00
2 87.237 2.00 -0.10 0.10 0.05
3 91.237 4.00 -0.10 0.10 0.05
1 92.714 1.48 0.00 0.00 0.00
2 94.714 2.00 -0.10 -0.10 0.05
3 98.714 4.00 -0.10 -0.10 0.05
1 99.887 1.17 0.00 0.00 0.00
2 101.887 2.00 -0.10 0.10 0.05
3 105.887 4.00 -0.10 0.10 0.05
1 107.549 1.66 0.00 0.00 0.00
2 109.549 2.00 -0.10 0.10 0.05
3 113.549 4.00 -0.10 0.10 0.05
1 116.593 3.04 0.00 0.00 0.00
2 118.593 2.00 0.10 -0.10 0.05
3 122.593 4.00 0.10 -0.10 0.05
1 127.062 4.47 0.00 0.00 0.00
2 129.062 2.00 -0.10 -0.10 0.05
3 133.062 4.00 -0.10 -0.10 0.05
1 137.127 4.07 0.00 0.00 0.00
2 139.127 2.00 0.10 0.10 0.05
3 143.127 4.00 0.10 0.10 0.05
1 144.667 1.54 0.00 0.00 0.00
2 146.667 2.00 -0.10 -0.10 0.05
3 150.667 4.00 -0.10 -0.10 0.05
1 151.927 1.26 0.00 0.00 0.00
2 153.927 2.00 0.10 0.10 0.05
3 157.927 4.00 0.10 0.10 0.05
0 160.927 3.00 0.00 0.00 0.00
1 164.617 3.69 0.00 0.00 0.00
2 166.617 2.00 -0.10 0.10 0.05
3 170.617 4.00 -0.10 0.10 0.05
1 173.545 2.93 0.00 0.00 0.00
2 175.545 2.00 -0.10 0.10 0.05
3 179.545 4.00 -0.10 0.10 0.05
1 182.527 2.98 0.00 0.00 0.00
2 184.527 2.00 0.10 0.10 0.05
3 188.527 4.00 0.10 0.10 0.05
1 190.781 2.25 0.00 0.00 0.00
2 192.781 2.00 0.10 0.10 0.05
3 196.781 4.00 0.10 0.10 0.05
1 199.075 2.29 0.00 0.00 0.00
2 201.075 2.00 0.10 -0.10 0.05
3 205.075 4.00 0.10 -0.10 0.05
1 209.711 4.64 0.00 0.00 0.00
2 211.711 2.00 0.10 0.10 0.05
3 215.711 4.00 0.10 0.10 0.05
1 218.513 2.80 0.00 0.00 0.00
2 220.513 2.00 0.10 0.10 0.05
3 224.513 4.00 0.10 0.10 0.05
1 228.507 3.99 0.00 0.00 0.00
2 230.507 2.00 -0.10 -0.10 0.05
3 234.507 4.00 -0.10 -0.10 0.05
1 236.248 1.74 0.00 0.00 0.00
2 238.248 2.00 -0.10 0.10 0.05
3 242.248 4.00 -0.10 0.10 0.05
1 243.588 1.34 0.00 0.00 0.00
2 245.588 2.00 -0.10 0.10 0.05
3 249.588 4.00 -0.10 0.10 0.05
1 251.416 1.83 0.00 0.00 0.00
2 253.416 2.00 -0.10 0.10 0.05
3 257.416 4.00 -0.10 0.10 0.05
0 260.416 3.00 0.00 0.00 0.00
1 263.652 3.24 0.00 0.00 0.00
2 265.652 2.00 0.10 -0.10 0.05
3 269.652 4.00 0.10 -0.10 0.05
1 273.299 3.65 0.00 0.00 0.00
2 275.299 2.00 0.10 0.10 0.05
3 279.299 4.00 0.10 0.10 0.05
1 284.055 4.76 0.00 0.00 0.00
2 286.055 2.00 -0.10 -0.10 0.05
3 290.055 4.00 -0.10 -0.10 0.05
1 291.216 1.16 0.00 0.00 0.00
2 293.216 2.00 -0.10 -0.10 0.05
3 297.216 4.00 -0.10 -0.10 0.05
1 298.871 1.65 0.00 0.00 0.00
2 300.871 2.00 0.10 -0.10 0.05
3 304.871 4.00 0.10 -0.10 0.05
1 307.624 2.75 0.00 0.00 0.00
2 309.624 2.00 -0.10 -0.10 0.05
3 313.624 4.00 -0.10 -0.10 0.05
1 315.926 2.30 0.00 0.00 0.00
2 317.926 2.00 0.10 -0.10 0.05
3 321.926 4.00 0.10 -0.10 0.05
1 323.286 1.36 0.00 0.00 0.00
2 325.286 2.00 0.10 -0.10 0.05
3 329.286 4.00 0.10 -0.10 0.05
1 333.527 4.24 0.00 0.00 0.00
2 335.527 2.00 0.10 -0.10 0.05
3 339.527 4.00 0.10 -0.10 0.05
1 342.125 2.60 0.00 0.00 0.00
2 344.125 2.00 0.10 -0.10 0.05
3 348.125 4.00 0.10 -0.10 0.05
1 351.747 3.62 0.00 0.00 0.00
2 353.747 2.00 -0.10 0.10 0.05
3 357.747 4.00 -0.10 0.10 0.05
1 361.014 3.27 0.00 0.00 0.00
2 363.014 2.00 0.10 0.10 0.05
3 367.014 4.00 0.10 0.10 0.05
1 368.027 1.01 0.00 0.00 0.00
2 370.027 2.00 -0.10 -0.10 0.05
3 374.027 4.00 -0.10 -0.10 0.05
1 377.632 3.61 0.00 0.00 0.00
2 379.632 2.00 -0.10 -0.10 0.05
3 383.632 4.00 -0.10 -0.10 0.05
1 385.900 2.27 0.00 0.00 0.00
2 387.900 2.00 -0.10 0.10 0.05
3 391.900 4.00 -0.10 0.10 0.05
1 393.964 2.06 0.00 0.00 0.00
2 395.964 2.00 0.10 0.10 0.05
3 399.964 4.00 0.10 0.10 0.05
1 402.806 2.84 0.00 0.00 0.00
2 404.806 2.00 -0.10 -0.10 0.05
3 408.806 4.00 -0.10 -0.10 0.05
0 411.806 3.00 0.00 0.00 0.00
1 415.299 3.49 0.00 0.00 0.00
2 417.299 2.00 -0.10 0.10 0.05
3 421.299 4.00 -0.10 0.10 0.05
1 425.506 4.21 0.00 0.00 0.00
2 427.506 2.00 0.10 -0.10 0.05
3 431.506 4.00 0.10 -0.10 0.05
1 434.751 3.24 0.00 0.00 0.00
2 436.751 2.00 0.10 -0.10 0.05
3 440.751 4.00 0.10 -0.10 0.05
1 441.850 1.10 0.00 0.00 0.00
2 443.850 2.00 -0.10 -0.10 0.05
3 447.850 4.00 -0.10 -0.10 0.05
1 452.024 4.17 0.00 0.00 0.00
2 454.024 2.00 0.10 0.10 0.05
3 458.024 4.00 0.10 0.10 0.05
1 460.116 2.09 0.00 0.00 0.00
2 462.116 2.00 -0.10 -0.10 0.05
3 466.116 4.00 -0.10 -0.10 0.05
0 469.116 3.00 0.00 0.00 0.00
1 473.408 4.29 0.00 0.00 0.00
2 475.408 2.00 0.10 -0.10 0.05
3 479.408 4.00 0.10 -0.10 0.05
1 483.162 3.75 0.00 0.00 0.00
2 485.162 2.00 -0.10 -0.10 0.05
3 489.162 4.00 -0.10 -0.10 0.05
0 492.162 3.00 0.00 0.00 0.00
1 495.578 3.42 0.00 0.00 0.00
2 497.578 2.00 0.10 -0.10 0.05
3 501.578 4.00 0.10 -0.10 0.05
1 504.126 2.55 0.00 0.00 0.00
2 506.126 2.00 -0.10 0.10 0.05
3 510.126 4.00 -0.10 0.10 0.05
1 511.388 1.26 0.00 0.00 0.00
2 513.388 2.00 0.10 0.10 0.05
3 517.388 4.00 0.10 0.10 0.05
1 522.382 4.99 0.00 0.00 0.00
2 524.382 2.00 -0.10 -0.10 0.05
3 528.382 4.00 -0.10 -0.10 0.05
0 531.382 3.00 0.00 0.00 0.00
1 535.026 3.64 0.00 0.00 0.00
2 537.026 2.00 0.10 -0.10 0.05
3 541.026 4.00 0.10 -0.10 0.05
1 542.943 1.92 0.00 0.00 0.00
2 544.943 2.00 -0.10 -0.10 0.05
3 548.943 4.00 -0.10 -0.10 0.05
1 550.312 1.37 0.00 0.00 0.00
2 552.312 2.00 -0.10 -0.10 0.05
3 556.312 4.00 -0.10 -0.10 0.05
1 558.276 1.96 0.00 0.00 0.00
2 560.276 2.00 0.10 -0.10 0.05
3 564.276 4.00 0.10 -0.10 0.05
1 568.886 4.61 0.00 0.00 0.00
2 570.886 2.00 0.10 -0.10 0.05
3 574.886 4.00 0.10 -0.10 0.05
1 576.756 1.87 0.00 0.00 0.00
2 578.756 2.00 -0.10 -0.10 0.05
3 582.756 4.00 -0.10 -0.10 0.05
1 585.674 2.92 0.00 0.00 0.00
2 587.674 2.00 -0.10 0.10 0.05
3 591.674 4.00 -0.10 0.10 0.05
1 596.311 4.64 0.00 0.00 0.00
2 598.311 2.00 0.10 0.10 0.05
3 602.311 4.00 0.10 0.10 0.05
1 604.086 1.78 0.00 0.00 0.00
2 606.086 2.00 -0.10 -0.10 0.05
3 610.086 4.00 -0.10 -0.10 0.05
1 612.878 2.79 0.00 0.00 0.00
2 614.878 2.00 0.10 -0.10 0.05
3 618.878 4.00 0.10 -0.10 0.05
1 622.349 3.47 0.00 0.00 0.00
2 624.349 2.00 -0.10 -0.10 0.05
3 628.349 4.00 -0.10 -0.10 0.05
1 631.726 3.38 0.00 0.00 0.00
2 633.726 2.00 0.10 -0.10 0.05
3 637.726 4.00 0.10 -0.10 0.05
1 641.389 3.66 0.00 0.00 0.00
2 643.389 2.00 -0.10 0.10 0.05
3 647.389 4.00 -0.10 0.10 0.05
1 649.460 2.07 0.00 0.00 0.00
2 651.460 2.00 0.10 -0.10 0.05
3 655.460 4.00 0.10 -0.10 0.05
1 658.155 2.70 0.00 0.00 0.00
2 660.155 2.00 0.10 -0.10 0.05
3 664.155 4.00 0.10 -0.10 0.05
1 668.353 4.20 0.00 0.00 0.00
2 670.353 2.00 0.10 0.10 0.05
3 674.353 4.00 0.10 0.10 0.05
1 679.082 4.73 0.00 0.00 0.00
2 681.082 2.00 0.10 0.10 0.05
3 685.082 4.00 0.10 0.10 0.05
1 687.961 2.88 0.00 0.00 0.00
2 689.961 2.00 0.10 0.10 0.05
3 693.961 4.00 0.10 0.10 0.05
1 696.186 2.23 0.00 0.00 0.00
2 698.186 2.00 0.10 0.10 0.05
3 702.186 4.00 0.10 0.10 0.05
1 704.944 2.76 0.00 0.00 0.00
2 706.944 2.00 0.10 0.10 0.05
3 710.944 4.00 0.10 0.10 0.05
1 713.171 2.23 0.00 0.00 0.00
2 715.171 2.00 -0.10 0.10 0.05
3 719.171 4.00 -0.10 0.10 0.05
1 721.271 2.10 0.00 0.00 0.00
2 723.271 2.00 0.10 0.10 0.05
3 727.271 4.00 0.10 0.10 0.05
1 728.826 1.55 0.00 0.00 0.00
2 730.826 2.00 -0.10 0.10 0.05
3 734.826 4.00 -0.10 0.10 0.05
0 737.826 3.00 0.00 0.00 0.00
0 770.000 5.00 0.00 0.00 0.00
