0 8.000 8.00 0.00 0.00 0.00
1 11.000 3.00 0.00 0.00 0.00
2 14.000 3.00 -0.10 -0.10 0.05
3 17.000 3.00 -0.10 -0.10 0.05
0 20.000 3.00 0.00 0.00 0.00
1 23.000 3.00 0.00 0.00 0.00
2 24.000 1.00 -0.10 0.10 0.05
3 27.000 3.00 -0.10 0.10 0.05
0 30.000 3.00 0.00 0.00 0.00
1 32.000 2.00 0.00 0.00 0.00
2 33.000 1.00 0.10 -0.10 0.05
3 36.000 3.00 0.10 -0.10 0.05
1 38.000 2.00 0.00 0.00 0.00
2 41.000 3.00 -0.10 0.10 0.05
3 44.000 3.00 -0.10 0.10 0.05
1 48.000 4.00 0.00 0.00 0.00
2 49.000 1.00 -0.10 -0.10 0.05
3 52.000 3.00 -0.10 -0.10 0.05
1 56.000 4.00 0.00 0.00 0.00
2 57.000 1.00 -0.10 -0.10 0.05
3 60.000 3.00 -0.10 -0.10 0.05
1 64.000 4.00 0.00 0.00 0.00
2 65.000 1.00 0.10 0.10 0.05
3 68.000 3.00 0.10 0.10 0.05
1 71.000 3.00 0.00 0.00 0.00
2 74.000 3.00 0.10 -0.10 0.05
3 77.000 3.00 0.10 -0.10 0.05
1 80.000 3.00 0.00 0.00 0.00
2 83.000 3.00 -0.10 0.10 0.05
3 86.000 3.00 -0.10 0.10 0.05
1 88.000 2.00 0.00 0.00 0.00
2 90.000 2.00 0.10 -0.10 0.05
3 93.000 3.00 0.10 -0.10 0.05
1 95.000 2.00 0.00 0.00 0.00
2 97.000 2.00 0.10 -0.10 0.05
3 100.000 3.00 0.10 -0.10 0.05
1 104.000 4.00 0.00 0.00 0.00
2 106.000 2.00 -0.10 0.10 0.05
3 109.000 3.00 -0.10 0.10 0.05
1 113.000 4.00 0.00 0.00 0.00
2 116.000 3.00 0.10 0.10 0.05
3 119.000 3.00 0.10 0.10 0.05
1 121.000 2.00 0.00 0.00 0.00
2 123.000 2.00 -0.10 0.10 0.05
3 126.000 3.00 -0.10 0.10 0.05
1 130.000 4.00 0.00 0.00 0.00
2 132.000 2.00 -0.10 0.10 0.05
3 135.000 3.00 -0.10 0.10 0.05
1 137.000 2.00 0.00 0.00 0.00
2 139.000 2.00 -0.10 -0.10 0.05
3 142.000 3.00 -0.10 -0.10 0.05
1 146.000 4.00 0.00 0.00 0.00
2 149.000 3.00 -0.10 0.10 0.05
3 152.000 3.00 -0.10 0.10 0.05
1 156.000 4.00 0.00 0.00 0.00
2 159.000 3.00 -0.10 -0.10 0.05
3 162.000 3.00 -0.10 -0.10 0.05
1 165.000 3.00 0.00 0.00 0.00
2 168.000 3.00 -0.10 0.10 0.05
3 171.000 3.00 -0.10 0.10 0.05
1 175.000 4.00 0.00 0.00 0.00
2 178.000 3.00 0.10 0.10 0.05
3 181.000 3.00 0.10 0.10 0.05
1 183.000 2.00 0.00 0.00 0.00
2 184.000 1.00 0.10 -0.10 0.05
3 187.000 3.00 0.10 -0.10 0.05
0 190.000 3.00 0.00 0.00 0.00
1 193.000 3.00 0.00 0.00 0.00
2 194.000 1.00 0.10 -0.10 0.05
3 197.000 3.00 0.10 -0.10 0.05
1 200.000 3.00 0.00 0.00 0.00
2 201.000 1.00 0.10 -0.10 0.05
3 204.000 3.00 0.10 -0.10 0.05
1 207.000 3.00 0.00 0.00 0.00
2 210.000 3.00 -0.10 -0.10 0.05
3 213.000 3.00 -0.10 -0.10 0.05
1 217.000 4.00 0.00 0.00 0.00
2 220.000 3.00 0.10 0.10 0.05
3 223.000 3.00 0.10 0.10 0.05
1 225.000 2.00 0.00 0.00 0.00
2 226.000 1.00 0.10 -0.10 0.05
3 229.000 3.00 0.10 -0.10 0.05
1 233.000 4.00 0.00 0.00 0.00
2 236.000 3.00 0.10 0.10 0.05
3 239.000 3.00 0.10 0.10 0.05
1 242.000 3.00 0.00 0.00 0.00
2 243.000 1.00 0.10 0.10 0.05
3 246.000 3.00 0.10 0.10 0.05
1 249.000 3.00 0.00 0.00 0.00
2 250.000 1.00 0.10 0.10 0.05
3 253.000 3.00 0.10 0.10 0.05
1 256.000 3.00 0.00 0.00 0.00
2 257.000 1.00 0.10 0.10 0.05
3 260.000 3.00 0.10 0.10 0.05
1 262.000 2.00 0.00 0.00 0.00
2 265.000 3.00 -0.10 -0.10 0.05
3 268.000 3.00 -0.10 -0.10 0.05
1 272.000 4.00 0.00 0.00 0.00
2 273.000 1.00 -0.10 -0.10 0.05
3 276.000 3.00 -0.10 -0.10 0.05
1 279.000 3.00 0.00 0.00 0.00
2 282.000 3.00 -0.10 -0.10 0.05
3 285.000 3.00 -0.10 -0.10 0.05
1 289.000 4.00 0.00 0.00 0.00
2 290.000 1.00 0.10 -0.10 0.05
3 293.000 3.00 0.10 -0.10 0.05
1 295.000 2.00 0.00 0.00 0.00
2 296.000 1.00 -0.10 0.10 0.05
3 299.000 3.00 -0.10 0.10 0.05
1 303.000 4.00 0.00 0.00 0.00
2 306.000 3.00 0.10 0.10 0.05
3 309.000 3.00 0.10 0.10 0.05
0 312.000 3.00 0.00 0.00 0.00
1 314.000 2.00 0.00 0.00 0.00
2 317.000 3.00 0.10 0.10 0.05
3 320.000 3.00 0.10 0.10 0.05
1 322.000 2.00 0.00 0.00 0.00
2 324.000 2.00 -0.10 0.10 0.05
3 327.000 3.00 -0.10 0.10 0.05
1 331.000 4.00 0.00 0.00 0.00
2 334.000 3.00 0.10 -0.10 0.05
3 337.000 3.00 0.10 -0.10 0.05
1 341.000 4.00 0.00 0.00 0.00
2 344.000 3.00 -0.10 -0.10 0.05
3 347.000 3.00 -0.10 -0.10 0.05
0 350.000 3.00 0.00 0.00 0.00
0 354.000 4.00 0.00 0.00 0.00
