0 8.000 8.00 0.00 0.00 0.00
1 11.000 3.00 0.00 0.00 0.00
2 14.000 3.00 0.00 0.15 0.10
3 17.000 3.00 0.00 0.15 0.10
1 19.000 2.00 0.00 0.00 0.00
2 21.000 2.00 0.00 0.15 0.10
3 24.000 3.00 0.00 0.15 0.10
1 26.000 2.00 0.00 0.00 0.00
2 27.000 1.00 -0.15 0.00 0.10
3 30.000 3.00 -0.15 0.00 0.10
0 33.000 3.00 0.00 0.00 0.00
1 35.000 2.00 0.00 0.00 0.00
2 38.000 3.00 0.11 0.11 0.10
3 41.000 3.00 0.11 0.11 0.10
1 43.000 2.00 0.00 0.00 0.00
2 46.000 3.00 -0.15 0.00 0.10
3 49.000 3.00 -0.15 0.00 0.10
1 53.000 4.00 0.00 0.00 0.00
2 54.000 1.00 -0.11 0.11 0.10
3 57.000 3.00 -0.11 0.11 0.10
1 59.000 2.00 0.00 0.00 0.00
2 62.000 3.00 -0.00 -0.15 0.10
3 65.000 3.00 -0.00 -0.15 0.10
1 68.000 3.00 0.00 0.00 0.00
2 71.000 3.00 0.11 0.11 0.10
3 74.000 3.00 0.11 0.11 0.10
1 76.000 2.00 0.00 0.00 0.00
2 79.000 3.00 -0.11 0.11 0.10
3 82.000 3.00 -0.11 0.11 0.10
1 84.000 2.00 0.00 0.00 0.00
2 87.000 3.00 0.00 0.15 0.10
3 90.000 3.00 0.00 0.15 0.10
1 94.000 4.00 0.00 0.00 0.00
2 96.000 2.00 0.00 0.15 0.10
3 99.000 3.00 0.00 0.15 0.10
1 103.000 4.00 0.00 0.00 0.00
2 105.000 2.00 -0.11 -0.11 0.10
3 108.000 3.00 -0.11 -0.11 0.10
1 112.000 4.00 0.00 0.00 0.00
2 114.000 2.00 0.11 0.11 0.10
3 117.000 3.00 0.11 0.11 0.10
1 119.000 2.00 0.00 0.00 0.00
2 122.000 3.00 -0.11 0.11 0.10
3 125.000 3.00 -0.11 0.11 0.10
1 128.000 3.00 0.00 0.00 0.00
2 131.000 3.00 0.15 0.00 0.10
3 134.000 3.00 0.15 0.00 0.10
1 137.000 3.00 0.00 0.00 0.00
2 138.000 1.00 -0.00 -0.15 0.10
3 141.000 3.00 -0.00 -0.15 0.10
0 144.000 3.00 0.00 0.00 0.00
1 148.000 4.00 0.00 0.00 0.00
2 149.000 1.00 0.15 0.00 0.10
3 152.000 3.00 0.15 0.00 0.10
1 154.000 2.00 0.00 0.00 0.00
2 157.000 3.00 -0.11 -0.11 0.10
3 160.000 3.00 -0.11 -0.11 0.10
1 164.000 4.00 0.00 0.00 0.00
2 167.000 3.00 0.15 0.00 0.10
3 170.000 3.00 0.15 0.00 0.10
1 173.000 3.00 0.00 0.00 0.00
2 176.000 3.00 -0.11 0.11 0.10
3 179.000 3.00 -0.11 0.11 0.10
1 183.000 4.00 0.00 0.00 0.00
2 185.000 2.00 -0.00 -0.15 0.10
3 188.000 3.00 -0.00 -0.15 0.10
1 192.000 4.00 0.00 0.00 0.00
2 193.000 1.00 0.15 0.00 0.10
3 196.000 3.00 0.15 0.00 0.10
0 199.000 3.00 0.00 0.00 0.00
1 201.000 2.00 0.00 0.00 0.00
2 203.000 2.00 0.11 -0.11 0.10
3 206.000 3.00 0.11 -0.11 0.10
1 208.000 2.00 0.00 0.00 0.00
2 209.000 1.00 -0.15 0.00 0.10
3 212.000 3.00 -0.15 0.00 0.10
1 215.000 3.00 0.00 0.00 0.00
2 217.000 2.00 0.11 -0.11 0.10
3 220.000 3.00 0.11 -0.11 0.10
1 223.000 3.00 0.00 0.00 0.00
2 226.000 3.00 -0.11 -0.11 0.10
3 229.000 3.00 -0.11 -0.11 0.10
1 233.000 4.00 0.00 0.00 0.00
2 234.000 1.00 -0.00 -0.15 0.10
3 237.000 3.00 -0.00 -0.15 0.10
1 241.000 4.00 0.00 0.00 0.00
2 243.000 2.00 0.11 -0.11 0.10
3 246.000 3.00 0.11 -0.11 0.10
1 250.000 4.00 0.00 0.00 0.00
2 253.000 3.00 0.11 0.11 0.10
3 256.000 3.00 0.11 0.11 0.10
1 258.000 2.00 0.00 0.00 0.00
2 259.000 1.00 -0.11 -0.11 0.10
3 262.000 3.00 -0.11 -0.11 0.10
1 264.000 2.00 0.00 0.00 0.00
2 267.000 3.00 0.00 0.15 0.10
3 270.000 3.00 0.00 0.15 0.10
1 273.000 3.00 0.00 0.00 0.00
2 275.000 2.00 0.15 0.00 0.10
3 278.000 3.00 0.15 0.00 0.10
1 280.000 2.00 0.00 0.00 0.00
2 281.000 1.00 0.11 -0.11 0.10
3 284.000 3.00 0.11 -0.11 0.10
1 288.000 4.00 0.00 0.00 0.00
2 291.000 3.00 -0.15 0.00 0.10
3 294.000 3.00 -0.15 0.00 0.10
1 298.000 4.00 0.00 0.00 0.00
2 300.000 2.00 0.11 0.11 0.10
3 303.000 3.00 0.11 0.11 0.10
1 307.000 4.00 0.00 0.00 0.00
2 309.000 2.00 0.11 -0.11 0.10
3 312.000 3.00 0.11 -0.11 0.10
1 315.000 3.00 0.00 0.00 0.00
2 316.000 1.00 -0.11 0.11 0.10
3 319.000 3.00 -0.11 0.11 0.10
1 322.000 3.00 0.00 0.00 0.00
2 324.000 2.00 -0.00 -0.15 0.10
3 327.000 3.00 -0.00 -0.15 0.10
1 329.000 2.00 0.00 0.00 0.00
2 331.000 2.00 -0.15 0.00 0.10
3 334.000 3.00 -0.15 0.00 0.10
1 338.000 4.00 0.00 0.00 0.00
2 341.000 3.00 -0.11 -0.11 0.10
3 344.000 3.00 -0.11 -0.11 0.10
0 347.000 3.00 0.00 0.00 0.00
0 350.000 3.00 0.00 0.00 0.00
0 354.000 4.00 0.00 0.00 0.00
