0 8.000 8.00 0.00 0.00 0.00
1 9.000 1.00 0.00 0.00 0.00
2 11.000 2.00 -0.11 -0.11 0.10
3 14.000 3.00 -0.11 -0.11 0.10
0 17.000 3.00 0.00 0.00 0.00
1 18.000 1.00 0.00 0.00 0.00
2 19.000 1.00 0.11 -0.11 0.10
3 21.000 2.00 0.11 -0.11 0.10
1 22.000 1.00 0.00 0.00 0.00
2 23.000 1.00 -0.00 -0.15 0.10
3 25.000 2.00 -0.00 -0.15 0.10
1 26.000 1.00 0.00 0.00 0.00
2 27.000 1.00 0.11 0.11 0.10
3 29.000 2.00 0.11 0.11 0.10
1 30.000 1.00 0.00 0.00 0.00
2 32.000 2.00 -0.11 -0.11 0.10
3 34.000 2.00 -0.11 -0.11 0.10
1 36.000 2.00 0.00 0.00 0.00
2 37.000 1.00 -0.11 0.11 0.10
3 39.000 2.00 -0.11 0.11 0.10
0 42.000 3.00 0.00 0.00 0.00
1 43.000 1.00 0.00 0.00 0.00
2 45.000 2.00 0.00 0.15 0.10
3 47.000 2.00 0.00 0.15 0.10
0 50.000 3.00 0.00 0.00 0.00
1 52.000 2.00 0.00 0.00 0.00
2 54.000 2.00 0.11 -0.11 0.10
3 56.000 2.00 0.11 -0.11 0.10
1 58.000 2.00 0.00 0.00 0.00
2 59.000 1.00 0.11 0.11 0.10
3 61.000 2.00 0.11 0.11 0.10
1 62.000 1.00 0.00 0.00 0.00
2 63.000 1.00 0.15 0.00 0.10
3 66.000 3.00 0.15 0.00 0.10
1 68.000 2.00 0.00 0.00 0.00
2 69.000 1.00 -0.15 0.00 0.10
3 72.000 3.00 -0.15 0.00 0.10
1 73.000 1.00 0.00 0.00 0.00
2 74.000 1.00 -0.11 -0.11 0.10
3 77.000 3.00 -0.11 -0.11 0.10
1 78.000 1.00 0.00 0.00 0.00
2 79.000 1.00 0.00 0.15 0.10
3 82.000 3.00 0.00 0.15 0.10
1 83.000 1.00 0.00 0.00 0.00
2 84.000 1.00 -0.11 0.11 0.10
3 86.000 2.00 -0.11 0.11 0.10
1 87.000 1.00 0.00 0.00 0.00
2 88.000 1.00 -0.00 -0.15 0.10
3 90.000 2.00 -0.00 -0.15 0.10
1 92.000 2.00 0.00 0.00 0.00
2 94.000 2.00 -0.00 -0.15 0.10
3 96.000 2.00 -0.00 -0.15 0.10
1 98.000 2.00 0.00 0.00 0.00
2 100.000 2.00 -0.11 -0.11 0.10
3 103.000 3.00 -0.11 -0.11 0.10
1 104.000 1.00 0.00 0.00 0.00
2 106.000 2.00 0.11 0.11 0.10
3 109.000 3.00 0.11 0.11 0.10
1 111.000 2.00 0.00 0.00 0.00
2 113.000 2.00 0.15 0.00 0.10
3 116.000 3.00 0.15 0.00 0.10
1 117.000 1.00 0.00 0.00 0.00
2 119.000 2.00 -0.11 0.11 0.10
3 121.000 2.00 -0.11 0.11 0.10
1 123.000 2.00 0.00 0.00 0.00
2 124.000 1.00 -0.15 0.00 0.10
3 127.000 3.00 -0.15 0.00 0.10
1 128.000 1.00 0.00 0.00 0.00
2 130.000 2.00 0.15 0.00 0.10
3 132.000 2.00 0.15 0.00 0.10
0 135.000 3.00 0.00 0.00 0.00
1 136.000 1.00 0.00 0.00 0.00
2 137.000 1.00 0.15 0.00 0.10
3 140.000 3.00 0.15 0.00 0.10
1 142.000 2.00 0.00 0.00 0.00
2 143.000 1.00 -0.00 -0.15 0.10
3 145.000 2.00 -0.00 -0.15 0.10
1 147.000 2.00 0.00 0.00 0.00
2 148.000 1.00 -0.00 -0.15 0.10
3 150.000 2.00 -0.00 -0.15 0.10
1 151.000 1.00 0.00 0.00 0.00
2 153.000 2.00 0.00 0.15 0.10
3 155.000 2.00 0.00 0.15 0.10
1 156.000 1.00 0.00 0.00 0.00
2 157.000 1.00 0.11 -0.11 0.10
3 159.000 2.00 0.11 -0.11 0.10
1 160.000 1.00 0.00 0.00 0.00
2 161.000 1.00 0.11 -0.11 0.10
3 163.000 2.00 0.11 -0.11 0.10
1 165.000 2.00 0.00 0.00 0.00
2 166.000 1.00 0.11 0.11 0.10
3 169.000 3.00 0.11 0.11 0.10
1 170.000 1.00 0.00 0.00 0.00
2 171.000 1.00 0.11 0.11 0.10
3 174.000 3.00 0.11 0.11 0.10
1 175.000 1.00 0.00 0.00 0.00
2 176.000 1.00 0.11 -0.11 0.10
3 179.000 3.00 0.11 -0.11 0.10
0 182.000 3.00 0.00 0.00 0.00
1 184.000 2.00 0.00 0.00 0.00
2 186.000 2.00 0.15 0.00 0.10
3 189.000 3.00 0.15 0.00 0.10
1 190.000 1.00 0.00 0.00 0.00
2 191.000 1.00 -0.11 0.11 0.10
3 193.000 2.00 -0.11 0.11 0.10
1 195.000 2.00 0.00 0.00 0.00
2 196.000 1.00 0.00 0.15 0.10
3 199.000 3.00 0.00 0.15 0.10
1 201.000 2.00 0.00 0.00 0.00
2 203.000 2.00 -0.15 0.00 0.10
3 205.000 2.00 -0.15 0.00 0.10
1 207.000 2.00 0.00 0.00 0.00
2 209.000 2.00 -0.11 0.11 0.10
3 212.000 3.00 -0.11 0.11 0.10
1 214.000 2.00 0.00 0.00 0.00
2 216.000 2.00 -0.11 -0.11 0.10
3 218.000 2.00 -0.11 -0.11 0.10
1 220.000 2.00 0.00 0.00 0.00
2 222.000 2.00 0.00 0.15 0.10
3 225.000 3.00 0.00 0.15 0.10
1 227.000 2.00 0.00 0.00 0.00
2 229.000 2.00 -0.15 0.00 0.10
3 232.000 3.00 -0.15 0.00 0.10
1 234.000 2.00 0.00 0.00 0.00
2 235.000 1.00 -0.15 0.00 0.10
3 238.000 3.00 -0.15 0.00 0.10
0 241.000 3.00 0.00 0.00 0.00
