0 5.000 5.00 0.00 0.00 0.00
0 8.000 3.00 0.00 0.00 0.00
0 11.000 3.00 0.00 0.00 0.00
1 14.632 3.63 0.00 0.00 0.00
2 16.632 2.00 0.30 0.15 -0.10
3 20.632 4.00 0.30 0.15 -0.10
1 24.168 3.54 0.00 0.00 0.00
2 26.168 2.00 0.30 0.15 0.10
3 30.168 4.00 0.30 0.15 0.10
0 33.168 3.00 0.00 0.00 0.00
1 35.086 1.92 0.00 0.00 0.00
2 37.086 2.00 -0.30 -0.15 0.10
3 41.086 4.00 -0.30 -0.15 0.10
1 42.815 1.73 0.00 0.00 0.00
2 44.815 2.00 -0.30 -0.15 0.10
3 48.815 4.00 -0.30 -0.15 0.10
1 50.480 1.67 0.00 0.00 0.00
2 52.480 2.00 0.30 -0.15 -0.10
3 56.480 4.00 0.30 -0.15 -0.10
0 59.480 3.00 0.00 0.00 0.00
1 61.078 1.60 0.00 0.00 0.00
2 63.078 2.00 -0.30 0.15 -0.10
3 67.078 4.00 -0.30 0.15 -0.10
0 70.078 3.00 0.00 0.00 0.00
1 71.889 1.81 0.00 0.00 0.00
2 73.889 2.00 -0.30 -0.15 -0.10
3 77.889 4.00 -0.30 -0.15 -0.10
1 82.709 4.82 0.00 0.00 0.00
2 84.709 2.00 0.30 -0.15 0.10
3 88.709 4.00 0.30 -0.15 0.10
1 89.773 1.06 0.00 0.00 0.00
2 91.773 2.00 0.30 0.15 -0.10
3 95.773 4.00 0.30 0.15 -0.10
1 100.603 4.83 0.00 0.00 0.00
2 102.603 2.00 -0.30 0.15 -0.10
3 106.603 4.00 -0.30 0.15 -0.10
1 107.706 1.10 0.00 0.00 0.00
2 109.706 2.00 0.30 -0.15 -0.10
3 113.706 4.00 0.30 -0.15 -0.10
1 118.590 4.88 0.00 0.00 0.00
2 120.590 2.00 -0.30 -0.15 -0.10
3 124.590 4.00 -0.30 -0.15 -0.10
1 126.780 2.19 0.00 0.00 0.00
2 128.780 2.00 -0.30 0.15 -0.10
3 132.780 4.00 -0.30 0.15 -0.10
1 135.881 3.10 0.00 0.00 0.00
2 137.881 2.00 -0.30 0.15 0.10
3 141.881 4.00 -0.30 0.15 0.10
1 146.330 4.45 0.00 0.00 0.00
2 148.330 2.00 -0.30 -0.15 0.10
3 152.330 4.00 -0.30 -0.15 0.10
1 156.916 4.59 0.00 0.00 0.00
2 158.916 2.00 0.30 0.15 0.10
3 162.916 4.00 0.30 0.15 0.10
1 164.672 1.76 0.00 0.00 0.00
2 166.672 2.00 -0.30 -0.15 0.10
3 170.672 4.00 -0.30 -0.15 0.10
1 174.315 3.64 0.00 0.00 0.00
2 176.315 2.00 -0.30 -0.15 -0.10
3 180.315 4.00 -0.30 -0.15 -0.10
1 185.080 4.76 0.00 0.00 0.00
2 187.080 2.00 0.30 0.15 -0.10
3 191.080 4.00 0.30 0.15 -0.10
1 195.982 4.90 0.00 0.00 0.00
2 197.982 2.00 0.30 0.15 -0.10
3 201.982 4.00 0.30 0.15 -0.10
1 203.414 1.43 0.00 0.00 0.00
2 205.414 2.00 -0.30 0.15 0.10
3 209.414 4.00 -0.30 0.15 0.10
1 211.130 1.72 0.00 0.00 0.00
2 213.130 2.00 -0.30 0.15 0.10
3 217.130 4.00 -0.30 0.15 0.10
1 221.116 3.99 0.00 0.00 0.00
2 223.116 2.00 0.30 -0.15 0.10
3 227.116 4.00 0.30 -0.15 0.10
1 228.314 1.20 0.00 0.00 0.00
2 230.314 2.00 -0.30 -0.15 0.10
3 234.314 4.00 -0.30 -0.15 0.10
1 235.599 1.29 0.00 0.00 0.00
2 237.599 2.00 -0.30 0.15 0.10
3 241.599 4.00 -0.30 0.15 0.10
1 244.555 2.96 0.00 0.00 0.00
2 246.555 2.00 0.30 0.15 0.10
3 250.555 4.00 0.30 0.15 0.10
1 254.955 4.40 0.00 0.00 0.00
2 256.955 2.00 0.30 -0.15 0.10
3 260.955 4.00 0.30 -0.15 0.10
1 265.943 4.99 0.00 0.00 0.00
2 267.943 2.00 0.30 -0.15 -0.10
3 271.943 4.00 0.30 -0.15 -0.10
1 272.961 1.02 0.00 0.00 0.00
2 274.961 2.00 0.30 -0.15 -0.10
3 278.961 4.00 0.30 -0.15 -0.10
1 282.131 3.17 0.00 0.00 0.00
2 284.131 2.00 -0.30 -0.15 -0.10
3 288.131 4.00 -0.30 -0.15 -0.10
1 292.577 4.45 0.00 0.00 0.00
2 294.577 2.00 0.30 -0.15 -0.10
3 298.577 4.00 0.30 -0.15 -0.10
1 303.213 4.64 0.00 0.00 0.00
2 305.213 2.00 0.30 -0.15 -0.10
3 309.213 4.00 0.30 -0.15 -0.10
0 312.213 3.00 0.00 0.00 0.00
1 316.595 4.38 0.00 0.00 0.00
2 318.595 2.00 -0.30 -0.15 0.10
3 322.595 4.00 -0.30 -0.15 0.10
0 325.595 3.00 0.00 0.00 0.00
1 330.110 4.52 0.00 0.00 0.00
2 332.110 2.00 0.30 0.15 -0.10
3 336.110 4.00 0.30 0.15 -0.10
1 340.095 3.98 0.00 0.00 0.00
2 342.095 2.00 0.30 -0.15 0.10
3 346.095 4.00 0.30 -0.15 0.10
1 347.565 1.47 0.00 0.00 0.00
2 349.565 2.00 -0.30 0.15 -0.10
3 353.565 4.00 -0.30 0.15 -0.10
1 356.601 3.04 0.00 0.00 0.00
2 358.601 2.00 0.30 -0.15 0.10
3 362.601 4.00 0.30 -0.15 0.10
1 364.276 1.68 0.00 0.00 0.00
2 366.276 2.00 0.30 -0.15 -0.10
3 370.276 4.00 0.30 -0.15 -0.10
1 374.601 4.32 0.00 0.00 0.00
2 376.601 2.00 0.30 -0.15 0.10
3 380.601 4.00 0.30 -0.15 0.10
1 385.313 4.71 0.00 0.00 0.00
2 387.313 2.00 -0.30 0.15 0.10
3 391.313 4.00 -0.30 0.15 0.10
1 392.991 1.68 0.00 0.00 0.00
2 394.991 2.00 0.30 0.15 0.10
3 398.991 4.00 0.30 0.15 0.10
1 403.526 4.53 0.00 0.00 0.00
2 405.526 2.00 0.30 -0.15 -0.10
3 409.526 4.00 0.30 -0.15 -0.10
1 412.077 2.55 0.00 0.00 0.00
2 414.077 2.00 -0.30 -0.15 0.10
3 418.077 4.00 -0.30 -0.15 0.10
1 420.607 2.53 0.00 0.00 0.00
2 422.607 2.00 0.30 -0.15 0.10
3 426.607 4.00 0.30 -0.15 0.10
1 428.693 2.09 0.00 0.00 0.00
2 430.693 2.00 -0.30 -0.15 -0.10
3 434.693 4.00 -0.30 -0.15 -0.10
1 439.165 4.47 0.00 0.00 0.00
2 441.165 2.00 -0.30 0.15 0.10
3 445.165 4.00 -0.30 0.15 0.10
1 449.131 3.97 0.00 0.00 0.00
2 451.131 2.00 -0.30 0.15 0.10
3 455.131 4.00 -0.30 0.15 0.10
1 457.922 2.79 0.00 0.00 0.00
2 459.922 2.00 -0.30 0.15 0.10
3 463.922 4.00 -0.30 0.15 0.10
0 466.922 3.00 0.00 0.00 0.00
1 470.761 3.84 0.00 0.00 0.00
2 472.761 2.00 -0.30 -0.15 0.10
3 476.761 4.00 -0.30 -0.15 0.10
1 481.538 4.78 0.00 0.00 0.00
2 483.538 2.00 0.30 0.15 -0.10
3 487.538 4.00 0.30 0.15 -0.10
1 489.234 1.70 0.00 0.00 0.00
2 491.234 2.00 -0.30 -0.15 0.10
3 495.234 4.00 -0.30 -0.15 0.10
1 497.213 1.98 0.00 0.00 0.00
2 499.213 2.00 -0.30 -0.15 -0.10
3 503.213 4.00 -0.30 -0.15 -0.10
1 506.777 3.56 0.00 0.00 0.00
2 508.777 2.00 -0.30 -0.15 0.10
3 512.777 4.00 -0.30 -0.15 0.10
1 517.011 4.23 0.00 0.00 0.00
2 519.011 2.00 0.30 0.15 0.10
3 523.011 4.00 0.30 0.15 0.10
1 527.425 4.41 0.00 0.00 0.00
2 529.425 2.00 -0.30 0.15 0.10
3 533.425 4.00 -0.30 0.15 0.10
1 536.017 2.59 0.00 0.00 0.00
2 538.017 2.00 0.30 0.15 0.10
3 542.017 4.00 0.30 0.15 0.10
1 543.479 1.46 0.00 0.00 0.00
2 545.479 2.00 -0.30 -0.15 -0.10
3 549.479 4.00 -0.30 -0.15 -0.10
1 550.800 1.32 0.00 0.00 0.00
2 552.800 2.00 -0.30 -0.15 -0.10
3 556.800 4.00 -0.30 -0.15 -0.10
1 559.242 2.44 0.00 0.00 0.00
2 561.242 2.00 -0.30 0.15 -0.10
3 565.242 4.00 -0.30 0.15 -0.10
1 569.558 4.32 0.00 0.00 0.00
2 571.558 2.00 0.30 0.15 0.10
3 575.558 4.00 0.30 0.15 0.10
1 577.416 1.86 0.00 0.00 0.00
2 579.416 2.00 0.30 -0.15 0.10
3 583.416 4.00 0.30 -0.15 0.10
1 587.580 4.16 0.00 0.00 0.00
2 589.580 2.00 0.30 -0.15 0.10
3 593.580 4.00 0.30 -0.15 0.10
1 597.199 3.62 0.00 0.00 0.00
2 599.199 2.00 0.30 0.15 -0.10
3 603.199 4.00 0.30 0.15 -0.10
1 604.304 1.10 0.00 0.00 0.00
2 606.304 2.00 0.30 0.15 -0.10
3 610.304 4.00 0.30 0.15 -0.10
1 614.447 4.14 0.00 0.00 0.00
2 616.447 2.00 -0.30 -0.15 -0.10
3 620.447 4.00 -0.30 -0.15 -0.10
1 625.137 4.69 0.00 0.00 0.00
2 627.137 2.00 -0.30 0.15 -0.10
3 631.137 4.00 -0.30 0.15 -0.10
1 634.106 2.97 0.00 0.00 0.00
2 636.106 2.00 -0.30 0.15 -0.10
3 640.106 4.00 -0.30 0.15 -0.10
1 644.442 4.34 0.00 0.00 0.00
2 646.442 2.00 -0.30 0.15 0.10
3 650.442 4.00 -0.30 0.15 0.10
1 651.968 1.53 0.00 0.00 0.00
2 653.968 2.00 0.30 0.15 0.10
3 657.968 4.00 0.30 0.15 0.10
1 662.007 4.04 0.00 0.00 0.00
2 664.007 2.00 -0.30 -0.15 -0.10
3 668.007 4.00 -0.30 -0.15 -0.10
1 672.710 4.70 0.00 0.00 0.00
2 674.710 2.00 -0.30 0.15 -0.10
3 678.710 4.00 -0.30 0.15 -0.10
1 683.040 4.33 0.00 0.00 0.00
2 685.040 2.00 0.30 -0.15 -0.10
3 689.040 4.00 0.30 -0.15 -0.10
1 691.078 2.04 0.00 0.00 0.00
2 693.078 2.00 0.30 0.15 -0.10
3 697.078 4.00 0.30 0.15 -0.10
1 698.930 1.85 0.00 0.00 0.00
2 700.930 2.00 -0.30 0.15 -0.10
3 704.930 4.00 -0.30 0.15 -0.10
1 708.019 3.09 0.00 0.00 0.00
2 710.019 2.00 0.30 -0.15 -0.10
3 714.019 4.00 0.30 -0.15 -0.10
0 717.019 3.00 0.00 0.00 0.00
0 720.019 3.00 0.00 0.00 0.00
1 722.609 2.59 0.00 0.00 0.00
2 724.609 2.00 0.30 0.15 0.10
3 728.609 4.00 0.30 0.15 0.10
1 731.525 2.92 0.00 0.00 0.00
2 733.525 2.00 0.30 0.15 -0.10
3 737.525 4.00 0.30 0.15 -0.10
1 742.501 4.98 0.00 0.00 0.00
2 744.501 2.00 0.30 0.15 0.10
3 748.501 4.00 0.30 0.15 0.10
1 751.919 3.42 0.00 0.00 0.00
2 753.919 2.00 0.30 -0.15 0.10
3 757.919 4.00 0.30 -0.15 0.10
1 762.698 4.78 0.00 0.00 0.00
2 764.698 2.00 -0.30 0.15 -0.10
3 768.698 4.00 -0.30 0.15 -0.10
0 770.000 5.00 0.00 0.00 0.00
