0 5.000 5.00 0.00 0.00 0.00
1 8.241 3.24 0.00 0.00 0.00
2 10.241 2.00 -0.10 -0.10 0.05
3 14.241 4.00 -0.10 -0.10 0.05
1 15.243 1.00 0.00 0.00 0.00
2 17.243 2.00 0.10 -0.10 0.05
3 21.243 4.00 0.10 -0.10 0.05
1 23.248 2.01 0.00 0.00 0.00
2 25.248 2.00 0.10 -0.10 0.05
3 29.248 4.00 0.10 -0.10 0.05
1 31.976 2.73 0.00 0.00 0.00
2 33.976 2.00 0.10 -0.10 0.05
3 37.976 4.00 0.10 -0.10 0.05
1 40.699 2.72 0.00 0.00 0.00
2 42.699 2.00 0.10 -0.10 0.05
3 46.699 4.00 0.10 -0.10 0.05
1 51.200 4.50 0.00 0.00 0.00
2 53.200 2.00 -0.10 -0.10 0.05
3 57.200 4.00 -0.10 -0.10 0.05
1 58.470 1.27 0.00 0.00 0.00
2 60.470 2.00 0.10 0.10 0.05
3 64.470 4.00 0.10 0.10 0.05
1 66.830 2.36 0.00 0.00 0.00
2 68.830 2.00 -0.10 0.10 0.05
3 72.830 4.00 -0.10 0.10 0.05
1 74.538 1.71 0.00 0.00 0.00
2 76.538 2.00 0.10 -0.10 0.05
3 80.538 4.00 0.10 -0.10 0.05
0 83.538 3.00 0.00 0.00 0.00
1 85.522 1.98 0.00 0.00 0.00
2 87.522 2.00 0.10 -0.10 0.05
3 91.522 4.00 0.10 -0.10 0.05
1 95.434 3.91 0.00 0.00 0.00
2 97.434 2.00 0.10 0.10 0.05
3 101.434 4.00 0.10 0.10 0.05
1 103.586 2.15 0.00 0.00 0.00
2 105.586 2.00 -0.10 -0.10 0.05
3 109.586 4.00 -0.10 -0.10 0.05
1 111.536 1.95 0.00 0.00 0.00
2 113.536 2.00 0.10 -0.10 0.05
3 117.536 4.00 0.10 -0.10 0.05
1 119.094 1.56 0.00 0.00 0.00
2 121.094 2.00 0.10 0.10 0.05
3 125.094 4.00 0.10 0.10 0.05
1 126.977 1.88 0.00 0.00 0.00
2 128.977 2.00 0.10 0.10 0.05
3 132.977 4.00 0.10 0.10 0.05
1 137.248 4.27 0.00 0.00 0.00
2 139.248 2.00 0.10 0.10 0.05
3 143.248 4.00 0.10 0.10 0.05
1 145.760 2.51 0.00 0.00 0.00
2 147.760 2.00 -0.10 0.10 0.05
3 151.760 4.00 -0.10 0.10 0.05
1 155.423 3.66 0.00 0.00 0.00
2 157.423 2.00 -0.10 -0.10 0.05
3 161.423 4.00 -0.10 -0.10 0.05
1 166.166 4.74 0.00 0.00 0.00
2 168.166 2.00 -0.10 -0.10 0.05
3 172.166 4.00 -0.10 -0.10 0.05
1 174.872 2.71 0.00 0.00 0.00
2 176.872 2.00 -0.10 0.10 0.05
3 180.872 4.00 -0.10 0.10 0.05
1 184.292 3.42 0.00 0.00 0.00
2 186.292 2.00 -0.10 0.10 0.05
3 190.292 4.00 -0.10 0.10 0.05
1 195.171 4.88 0.00 0.00 0.00
2 197.171 2.00 -0.10 0.10 0.05
3 201.171 4.00 -0.10 0.10 0.05
1 203.629 2.46 0.00 0.00 0.00
2 205.629 2.00 -0.10 0.10 0.05
3 209.629 4.00 -0.10 0.10 0.05
1 213.287 3.66 0.00 0.00 0.00
2 215.287 2.00 -0.10 0.10 0.05
3 219.287 4.00 -0.10 0.10 0.05
1 221.546 2.26 0.00 0.00 0.00
2 223.546 2.00 -0.10 0.10 0.05
3 227.546 4.00 -0.10 0.10 0.05
0 230.546 3.00 0.00 0.00 0.00
1 235.089 4.54 0.00 0.00 0.00
2 237.089 2.00 -0.10 -0.10 0.05
3 241.089 4.00 -0.10 -0.10 0.05
1 243.271 2.18 0.00 0.00 0.00
2 245.271 2.00 0.10 0.10 0.05
3 249.271 4.00 0.10 0.10 0.05
1 251.453 2.18 0.00 0.00 0.00
2 253.453 2.00 -0.10 0.10 0.05
3 257.453 4.00 -0.10 0.10 0.05
1 262.081 4.63 0.00 0.00 0.00
2 264.081 2.00 0.10 0.10 0.05
3 268.081 4.00 0.10 0.10 0.05
0 271.081 3.00 0.00 0.00 0.00
1 274.052 2.97 0.00 0.00 0.00
2 276.052 2.00 0.10 0.10 0.05
3 280.052 4.00 0.10 0.10 0.05
1 281.881 1.83 0.00 0.00 0.00
2 283.881 2.00 -0.10 0.10 0.05
3 287.881 4.00 -0.10 0.10 0.05
1 288.984 1.10 0.00 0.00 0.00
2 290.984 2.00 0.10 0.10 0.05
3 294.984 4.00 0.10 0.10 0.05
1 296.665 1.68 0.00 0.00 0.00
2 298.665 2.00 0.10 -0.10 0.05
3 302.665 4.00 0.10 -0.10 0.05
1 304.875 2.21 0.00 0.00 0.00
2 306.875 2.00 0.10 -0.10 0.05
3 310.875 4.00 0.10 -0.10 0.05
1 315.720 4.85 0.00 0.00 0.00
2 317.720 2.00 0.10 -0.10 0.05
3 321.720 4.00 0.10 -0.10 0.05
1 325.855 4.13 0.00 0.00 0.00
2 327.855 2.00 -0.10 0.10 0.05
3 331.855 4.00 -0.10 0.10 0.05
1 335.548 3.69 0.00 0.00 0.00
2 337.548 2.00 -0.10 0.10 0.05
3 341.548 4.00 -0.10 0.10 0.05
1 345.911 4.36 0.00 0.00 0.00
2 347.911 2.00 -0.10 0.10 0.05
3 351.911 4.00 -0.10 0.10 0.05
1 354.594 2.68 0.00 0.00 0.00
2 356.594 2.00 0.10 0.10 0.05
3 360.594 4.00 0.10 0.10 0.05
1 364.409 3.81 0.00 0.00 0.00
2 366.409 2.00 0.10 0.10 0.05
3 370.409 4.00 0.10 0.10 0.05
1 373.334 2.93 0.00 0.00 0.00
2 375.334 2.00 -0.10 0.10 0.05
3 379.334 4.00 -0.10 0.10 0.05
1 383.617 4.28 0.00 0.00 0.00
2 385.617 2.00 -0.10 -0.10 0.05
3 389.617 4.00 -0.10 -0.10 0.05
1 392.366 2.75 0.00 0.00 0.00
2 394.366 2.00 -0.10 0.10 0.05
3 398.366 4.00 -0.10 0.10 0.05
1 402.806 4.44 0.00 0.00 0.00
2 404.806 2.00 0.10 0.10 0.05
3 408.806 4.00 0.10 0.10 0.05
1 409.842 1.04 0.00 0.00 0.00
2 411.842 2.00 -0.10 0.10 0.05
3 415.842 4.00 -0.10 0.10 0.05
1 420.826 4.98 0.00 0.00 0.00
2 422.826 2.00 -0.10 -0.10 0.05
3 426.826 4.00 -0.10 -0.10 0.05
1 428.927 2.10 0.00 0.00 0.00
2 430.927 2.00 0.10 0.10 0.05
3 434.927 4.00 0.10 0.10 0.05
0 437.927 3.00 0.00 0.00 0.00
1 439.061 1.13 0.00 0.00 0.00
2 441.061 2.00 0.10 0.10 0.05
3 445.061 4.00 0.10 0.10 0.05
1 446.669 1.61 0.00 0.00 0.00
2 448.669 2.00 0.10 -0.10 0.05
3 452.669 4.00 0.10 -0.10 0.05
1 455.587 2.92 0.00 0.00 0.00
2 457.587 2.00 -0.10 0.10 0.05
3 461.587 4.00 -0.10 0.10 0.05
1 466.143 4.56 0.00 0.00 0.00
2 468.143 2.00 -0.10 0.10 0.05
3 472.143 4.00 -0.10 0.10 0.05
1 474.277 2.13 0.00 0.00 0.00
2 476.277 2.00 0.10 0.10 0.05
3 480.277 4.00 0.10 0.10 0.05
1 484.413 4.14 0.00 0.00 0.00
2 486.413 2.00 -0.10 -0.10 0.05
3 490.413 4.00 -0.10 -0.10 0.05
1 492.095 1.68 0.00 0.00 0.00
2 494.095 2.00 -0.10 -0.10 0.05
3 498.095 4.00 -0.10 -0.10 0.05
1 502.020 3.93 0.00 0.00 0.00
2 504.020 2.00 0.10 -0.10 0.05
3 508.020 4.00 0.10 -0.10 0.05
1 510.006 1.99 0.00 0.00 0.00
2 512.006 2.00 -0.10 -0.10 0.05
3 516.006 4.00 -0.10 -0.10 0.05
1 517.334 1.33 0.00 0.00 0.00
2 519.334 2.00 -0.10 -0.10 0.05
3 523.334 4.00 -0.10 -0.10 0.05
0 526.334 3.00 0.00 0.00 0.00
1 530.745 4.41 0.00 0.00 0.00
2 532.745 2.00 0.10 0.10 0.05
3 536.745 4.00 0.10 0.10 0.05
1 540.491 3.75 0.00 0.00 0.00
2 542.491 2.00 -0.10 -0.10 0.05
3 546.491 4.00 -0.10 -0.10 0.05
0 549.491 3.00 0.00 0.00 0.00
1 554.324 4.83 0.00 0.00 0.00
2 556.324 2.00 0.10 0.10 0.05
3 560.324 4.00 0.10 0.10 0.05
0 563.324 3.00 0.00 0.00 0.00
1 568.264 4.94 0.00 0.00 0.00
2 570.264 2.00 -0.10 -0.10 0.05
3 574.264 4.00 -0.10 -0.10 0.05
1 577.403 3.14 0.00 0.00 0.00
2 579.403 2.00 -0.10 -0.10 0.05
3 583.403 4.00 -0.10 -0.10 0.05
0 586.403 3.00 0.00 0.00 0.00
1 591.027 4.62 0.00 0.00 0.00
2 593.027 2.00 -0.10 -0.10 0.05
3 597.027 4.00 -0.10 -0.10 0.05
1 599.934 2.91 0.00 0.00 0.00
2 601.934 2.00 0.10 -0.10 0.05
3 605.934 4.00 0.10 -0.10 0.05
1 610.492 4.56 0.00 0.00 0.00
2 612.492 2.00 0.10 0.10 0.05
3 616.492 4.00 0.10 0.10 0.05
1 617.588 1.10 0.00 0.00 0.00
2 619.588 2.00 -0.10 0.10 0.05
3 623.588 4.00 -0.10 0.10 0.05
0 626.588 3.00 0.00 0.00 0.00
1 628.103 1.51 0.00 0.00 0.00
2 630.103 2.00 0.10 -0.10 0.05
3 634.103 4.00 0.10 -0.10 0.05
1 638.065 3.96 0.00 0.00 0.00
2 640.065 2.00 0.10 -0.10 0.05
3 644.065 4.00 0.10 -0.10 0.05
1 646.629 2.56 0.00 0.00 0.00
2 648.629 2.00 -0.10 -0.10 0.05
3 652.629 4.00 -0.10 -0.10 0.05
1 655.204 2.57 0.00 0.00 0.00
2 657.204 2.00 0.10 0.10 0.05
3 661.204 4.00 0.10 0.10 0.05
1 664.611 3.41 0.00 0.00 0.00
2 666.611 2.00 -0.10 0.10 0.05
3 670.611 4.00 -0.10 0.10 0.05
1 671.707 1.10 0.00 0.00 0.00
2 673.707 2.00 -0.10 -0.10 0.05
3 677.707 4.00 -0.10 -0.10 0.05
1 680.257 2.55 0.00 0.00 0.00
2 682.257 2.00 0.10 -0.10 0.05
3 686.257 4.00 0.10 -0.10 0.05
0 689.257 3.00 0.00 0.00 0.00
1 690.484 1.23 0.00 0.00 0.00
2 692.484 2.00 0.10 -0.10 0.05
3 696.484 4.00 0.10 -0.10 0.05
1 700.243 3.76 0.00 0.00 0.00
2 702.243 2.00 0.10 0.10 0.05
3 706.243 4.00 0.10 0.10 0.05
1 709.324 3.08 0.00 0.00 0.00
2 711.324 2.00 0.10 -0.10 0.05
3 715.324 4.00 0.10 -0.10 0.05
1 716.628 1.30 0.00 0.00 0.00
2 718.628 2.00 0.10 -0.10 0.05
3 722.628 4.00 0.10 -0.10 0.05
1 725.254 2.63 0.00 0.00 0.00
2 727.254 2.00 -0.10 -0.10 0.05
3 731.254 4.00 -0.10 -0.10 0.05
1 733.974 2.72 0.00 0.00 0.00
2 735.974 2.00 -0.10 -0.10 0.05
3 739.974 4.00 -0.10 -0.10 0.05
1 743.612 3.64 0.00 0.00 0.00
2 745.612 2.00 0.10 -0.10 0.05
3 749.612 4.00 0.10 -0.10 0.05
0 770.000 5.00 0.00 0.00 0.00
