0 5.000 5.00 0.00 0.00 0.00
0 8.000 3.00 0.00 0.00 0.00
1 10.142 2.14 0.00 0.00 0.00
2 12.142 2.00 -0.30 0.15 0.10
3 16.142 4.00 -0.30 0.15 0.10
1 20.330 4.19 0.00 0.00 0.00
2 22.330 2.00 -0.30 -0.15 -0.10
3 26.330 4.00 -0.30 -0.15 -0.10
1 27.901 1.57 0.00 0.00 0.00
2 29.901 2.00 0.30 0.15 -0.10
3 33.901 4.00 0.30 0.15 -0.10
1 36.919 3.02 0.00 0.00 0.00
2 38.919 2.00 -0.30 0.15 -0.10
3 42.919 4.00 -0.30 0.15 -0.10
0 45.919 3.00 0.00 0.00 0.00
1 49.362 3.44 0.00 0.00 0.00
2 51.362 2.00 0.30 -0.15 0.10
3 55.362 4.00 0.30 -0.15 0.10
1 59.177 3.82 0.00 0.00 0.00
2 61.177 2.00 -0.30 0.15 0.10
3 65.177 4.00 -0.30 0.15 0.10
1 67.710 2.53 0.00 0.00 0.00
2 69.710 2.00 0.30 0.15 0.10
3 73.710 4.00 0.30 0.15 0.10
1 77.625 3.91 0.00 0.00 0.00
2 79.625 2.00 0.30 0.15 0.10
3 83.625 4.00 0.30 0.15 0.10
1 88.174 4.55 0.00 0.00 0.00
2 90.174 2.00 0.30 0.15 -0.10
3 94.174 4.00 0.30 0.15 -0.10
1 95.397 1.22 0.00 0.00 0.00
2 97.397 2.00 -0.30 -0.15 -0.10
3 101.397 4.00 -0.30 -0.15 -0.10
0 104.397 3.00 0.00 0.00 0.00
0 107.397 3.00 0.00 0.00 0.00
1 108.950 1.55 0.00 0.00 0.00
2 110.950 2.00 -0.30 -0.15 -0.10
3 114.950 4.00 -0.30 -0.15 -0.10
1 119.403 4.45 0.00 0.00 0.00
2 121.403 2.00 0.30 0.15 -0.10
3 125.403 4.00 0.30 0.15 -0.10
1 128.090 2.69 0.00 0.00 0.00
2 130.090 2.00 0.30 0.15 0.10
3 134.090 4.00 0.30 0.15 0.10
1 136.735 2.65 0.00 0.00 0.00
2 138.735 2.00 -0.30 -0.15 0.10
3 142.735 4.00 -0.30 -0.15 0.10
1 147.571 4.84 0.00 0.00 0.00
2 149.571 2.00 -0.30 0.15 0.10
3 153.571 4.00 -0.30 0.15 0.10
1 157.572 4.00 0.00 0.00 0.00
2 159.572 2.00 -0.30 -0.15 -0.10
3 163.572 4.00 -0.30 -0.15 -0.10
1 168.496 4.92 0.00 0.00 0.00
2 170.496 2.00 0.30 -0.15 -0.10
3 174.496 4.00 0.30 -0.15 -0.10
1 176.430 1.93 0.00 0.00 0.00
2 178.430 2.00 -0.30 -0.15 0.10
3 182.430 4.00 -0.30 -0.15 0.10
1 183.815 1.38 0.00 0.00 0.00
2 185.815 2.00 0.30 -0.15 -0.10
3 189.815 4.00 0.30 -0.15 -0.10
1 192.354 2.54 0.00 0.00 0.00
2 194.354 2.00 -0.30 0.15 -0.10
3 198.354 4.00 -0.30 0.15 -0.10
1 201.355 3.00 0.00 0.00 0.00
2 203.355 2.00 -0.30 0.15 0.10
3 207.355 4.00 -0.30 0.15 0.10
1 210.636 3.28 0.00 0.00 0.00
2 212.636 2.00 0.30 0.15 0.10
3 216.636 4.00 0.30 0.15 0.10
1 221.542 4.91 0.00 0.00 0.00
2 223.542 2.00 0.30 -0.15 0.10
3 227.542 4.00 0.30 -0.15 0.10
1 230.514 2.97 0.00 0.00 0.00
2 232.514 2.00 0.30 -0.15 -0.10
3 236.514 4.00 0.30 -0.15 -0.10
1 239.117 2.60 0.00 0.00 0.00
2 241.117 2.00 0.30 0.15 -0.10
3 245.117 4.00 0.30 0.15 -0.10
1 250.097 4.98 0.00 0.00 0.00
2 252.097 2.00 -0.30 -0.15 0.10
3 256.097 4.00 -0.30 -0.15 0.10
1 258.141 2.04 0.00 0.00 0.00
2 260.141 2.00 0.30 -0.15 0.10
3 264.141 4.00 0.30 -0.15 0.10
1 267.803 3.66 0.00 0.00 0.00
2 269.803 2.00 0.30 0.15 -0.10
3 273.803 4.00 0.30 0.15 -0.10
0 276.803 3.00 0.00 0.00 0.00
1 281.660 4.86 0.00 0.00 0.00
2 283.660 2.00 -0.30 -0.15 0.10
3 287.660 4.00 -0.30 -0.15 0.10
1 291.344 3.68 0.00 0.00 0.00
2 293.344 2.00 0.30 0.15 -0.10
3 297.344 4.00 0.30 0.15 -0.10
1 299.541 2.20 0.00 0.00 0.00
2 301.541 2.00 -0.30 0.15 -0.10
3 305.541 4.00 -0.30 0.15 -0.10
1 308.665 3.12 0.00 0.00 0.00
2 310.665 2.00 -0.30 -0.15 0.10
3 314.665 4.00 -0.30 -0.15 0.10
1 315.671 1.01 0.00 0.00 0.00
2 317.671 2.00 -0.30 0.15 -0.10
3 321.671 4.00 -0.30 0.15 -0.10
1 326.206 4.54 0.00 0.00 0.00
2 328.206 2.00 0.30 -0.15 0.10
3 332.206 4.00 0.30 -0.15 0.10
1 334.824 2.62 0.00 0.00 0.00
2 336.824 2.00 -0.30 0.15 -0.10
3 340.824 4.00 -0.30 0.15 -0.10
1 343.029 2.20 0.00 0.00 0.00
2 345.029 2.00 0.30 0.15 -0.10
3 349.029 4.00 0.30 0.15 -0.10
1 353.831 4.80 0.00 0.00 0.00
2 355.831 2.00 -0.30 0.15 0.10
3 359.831 4.00 -0.30 0.15 0.10
1 362.674 2.84 0.00 0.00 0.00
2 364.674 2.00 -0.30 -0.15 0.10
3 368.674 4.00 -0.30 -0.15 0.10
0 371.674 3.00 0.00 0.00 0.00
1 373.824 2.15 0.00 0.00 0.00
2 375.824 2.00 -0.30 0.15 -0.10
3 379.824 4.00 -0.30 0.15 -0.10
1 381.163 1.34 0.00 0.00 0.00
2 383.163 2.00 0.30 -0.15 0.10
3 387.163 4.00 0.30 -0.15 0.10
1 390.491 3.33 0.00 0.00 0.00
2 392.491 2.00 0.30 -0.15 0.10
3 396.491 4.00 0.30 -0.15 0.10
1 398.104 1.61 0.00 0.00 0.00
2 400.104 2.00 -0.30 -0.15 -0.10
3 404.104 4.00 -0.30 -0.15 -0.10
1 405.396 1.29 0.00 0.00 0.00
2 407.396 2.00 -0.30 0.15 0.10
3 411.396 4.00 -0.30 0.15 0.10
1 414.718 3.32 0.00 0.00 0.00
2 416.718 2.00 -0.30 -0.15 -0.10
3 420.718 4.00 -0.30 -0.15 -0.10
1 422.866 2.15 0.00 0.00 0.00
2 424.866 2.00 0.30 -0.15 0.10
3 428.866 4.00 0.30 -0.15 0.10
1 431.314 2.45 0.00 0.00 0.00
2 433.314 2.00 -0.30 0.15 -0.10
3 437.314 4.00 -0.30 0.15 -0.10
1 441.213 3.90 0.00 0.00 0.00
2 443.213 2.00 0.30 -0.15 0.10
3 447.213 4.00 0.30 -0.15 0.10
1 451.647 4.43 0.00 0.00 0.00
2 453.647 2.00 0.30 -0.15 -0.10
3 457.647 4.00 0.30 -0.15 -0.10
1 460.038 2.39 0.00 0.00 0.00
2 462.038 2.00 0.30 0.15 -0.10
3 466.038 4.00 0.30 0.15 -0.10
1 470.885 4.85 0.00 0.00 0.00
2 472.885 2.00 0.30 -0.15 0.10
3 476.885 4.00 0.30 -0.15 0.10
1 481.700 4.81 0.00 0.00 0.00
2 483.700 2.00 -0.30 0.15 -0.10
3 487.700 4.00 -0.30 0.15 -0.10
1 489.524 1.82 0.00 0.00 0.00
2 491.524 2.00 -0.30 0.15 0.10
3 495.524 4.00 -0.30 0.15 0.10
1 499.597 4.07 0.00 0.00 0.00
2 501.597 2.00 -0.30 -0.15 -0.10
3 505.597 4.00 -0.30 -0.15 -0.10
1 509.059 3.46 0.00 0.00 0.00
2 511.059 2.00 0.30 -0.15 -0.10
3 515.059 4.00 0.30 -0.15 -0.10
1 519.735 4.68 0.00 0.00 0.00
2 521.735 2.00 0.30 -0.15 0.10
3 525.735 4.00 0.30 -0.15 0.10
1 529.145 3.41 0.00 0.00 0.00
2 531.145 2.00 0.30 0.15 0.10
3 535.145 4.00 0.30 0.15 0.10
1 538.953 3.81 0.00 0.00 0.00
2 540.953 2.00 0.30 0.15 -0.10
3 544.953 4.00 0.30 0.15 -0.10
1 548.928 3.97 0.00 0.00 0.00
2 550.928 2.00 -0.30 -0.15 0.10
3 554.928 4.00 -0.30 -0.15 0.10
1 557.468 2.54 0.00 0.00 0.00
2 559.468 2.00 0.30 -0.15 -0.10
3 563.468 4.00 0.30 -0.15 -0.10
1 565.474 2.01 0.00 0.00 0.00
2 567.474 2.00 -0.30 0.15 0.10
3 571.474 4.00 -0.30 0.15 0.10
0 574.474 3.00 0.00 0.00 0.00
1 575.621 1.15 0.00 0.00 0.00
2 577.621 2.00 -0.30 -0.15 -0.10
3 581.621 4.00 -0.30 -0.15 -0.10
1 584.510 2.89 0.00 0.00 0.00
2 586.510 2.00 0.30 -0.15 -0.10
3 590.510 4.00 0.30 -0.15 -0.10
0 593.510 3.00 0.00 0.00 0.00
0 596.510 3.00 0.00 0.00 0.00
1 600.090 3.58 0.00 0.00 0.00
2 602.090 2.00 -0.30 0.15 -0.10
3 606.090 4.00 -0.30 0.15 -0.10
1 608.206 2.12 0.00 0.00 0.00
2 610.206 2.00 0.30 0.15 0.10
3 614.206 4.00 0.30 0.15 0.10
1 617.277 3.07 0.00 0.00 0.00
2 619.277 2.00 -0.30 0.15 0.10
3 623.277 4.00 -0.30 0.15 0.10
1 625.260 1.98 0.00 0.00 0.00
2 627.260 2.00 -0.30 -0.15 0.10
3 631.260 4.00 -0.30 -0.15 0.10
1 633.450 2.19 0.00 0.00 0.00
2 635.450 2.00 0.30 -0.15 -0.10
3 639.450 4.00 0.30 -0.15 -0.10
1 643.052 3.60 0.00 0.00 0.00
2 645.052 2.00 0.30 -0.15 -0.10
3 649.052 4.00 0.30 -0.15 -0.10
0 652.052 3.00 0.00 0.00 0.00
1 656.618 4.57 0.00 0.00 0.00
2 658.618 2.00 -0.30 -0.15 0.10
3 662.618 4.00 -0.30 -0.15 0.10
1 667.062 4.44 0.00 0.00 0.00
2 669.062 2.00 -0.30 -0.15 -0.10
3 673.062 4.00 -0.30 -0.15 -0.10
1 674.902 1.84 0.00 0.00 0.00
2 676.902 2.00 0.30 0.15 0.10
3 680.902 4.00 0.30 0.15 0.10
1 683.498 2.60 0.00 0.00 0.00
2 685.498 2.00 0.30 0.15 0.10
3 689.498 4.00 0.30 0.15 0.10
1 694.050 4.55 0.00 0.00 0.00
2 696.050 2.00 -0.30 0.15 -0.10
3 700.050 4.00 -0.30 0.15 -0.10
1 702.076 2.03 0.00 0.00 0.00
2 704.076 2.00 -0.30 -0.15 -0.10
3 708.076 4.00 -0.30 -0.15 -0.10
1 712.943 4.87 0.00 0.00 0.00
2 714.943 2.00 -0.30 -0.15 0.10
3 718.943 4.00 -0.30 -0.15 0.10
1 722.420 3.48 0.00 0.00 0.00
2 724.420 2.00 0.30 0.15 0.10
3 728.420 4.00 0.30 0.15 0.10
1 730.081 1.66 0.00 0.00 0.00
2 732.081 2.00 0.30 0.15 0.10
3 736.081 4.00 0.30 0.15 0.10
1 740.386 4.30 0.00 0.00 0.00
2 742.386 2.00 -0.30 0.15 0.10
3 746.386 4.00 -0.30 0.15 0.10
1 750.009 3.62 0.00 0.00 0.00
2 752.009 2.00 0.30 -0.15 -0.10
3 756.009 4.00 0.30 -0.15 -0.10
1 759.194 3.19 0.00 0.00 0.00
2 761.194 2.00 0.30 0.15 -0.10
3 765.194 4.00 0.30 0.15 -0.10
0 770.000 5.00 0.00 0.00 0.00
