0 8.000 8.00 0.00 0.00 0.00
1 10.000 2.00 0.00 0.00 0.00
2 11.000 1.00 0.11 -0.11 0.10
3 14.000 3.00 0.11 -0.11 0.10
1 15.000 1.00 0.00 0.00 0.00
2 16.000 1.00 -0.15 0.00 0.10
3 19.000 3.00 -0.15 0.00 0.10
1 20.000 1.00 0.00 0.00 0.00
2 22.000 2.00 0.11 0.11 0.10
3 25.000 3.00 0.11 0.11 0.10
1 27.000 2.00 0.00 0.00 0.00
2 28.000 1.00 0.00 0.15 0.10
3 31.000 3.00 0.00 0.15 0.10
1 32.000 1.00 0.00 0.00 0.00
2 33.000 1.00 0.11 -0.11 0.10
3 36.000 3.00 0.11 -0.11 0.10
1 37.000 1.00 0.00 0.00 0.00
2 38.000 1.00 0.11 -0.11 0.10
3 41.000 3.00 0.11 -0.11 0.10
1 42.000 1.00 0.00 0.00 0.00
2 43.000 1.00 0.11 0.11 0.10
3 46.000 3.00 0.11 0.11 0.10
1 47.000 1.00 0.00 0.00 0.00
2 49.000 2.00 -0.00 -0.15 0.10
3 51.000 2.00 -0.00 -0.15 0.10
1 52.000 1.00 0.00 0.00 0.00
2 53.000 1.00 0.11 -0.11 0.10
3 55.000 2.00 0.11 -0.11 0.10
1 56.000 1.00 0.00 0.00 0.00
2 57.000 1.00 -0.11 0.11 0.10
3 60.000 3.00 -0.11 0.11 0.10
1 61.000 1.00 0.00 0.00 0.00
2 63.000 2.00 -0.15 0.00 0.10
3 65.000 2.00 -0.15 0.00 0.10
1 66.000 1.00 0.00 0.00 0.00
2 68.000 2.00 0.00 0.15 0.10
3 70.000 2.00 0.00 0.15 0.10
1 71.000 1.00 0.00 0.00 0.00
2 73.000 2.00 -0.11 0.11 0.10
3 75.000 2.00 -0.11 0.11 0.10
1 76.000 1.00 0.00 0.00 0.00
2 77.000 1.00 0.15 0.00 0.10
3 80.000 3.00 0.15 0.00 0.10
0 83.000 3.00 0.00 0.00 0.00
1 84.000 1.00 0.00 0.00 0.00
2 85.000 1.00 -0.00 -0.15 0.10
3 87.000 2.00 -0.00 -0.15 0.10
1 88.000 1.00 0.00 0.00 0.00
2 90.000 2.00 -0.15 0.00 0.10
3 92.000 2.00 -0.15 0.00 0.10
0 95.000 3.00 0.00 0.00 0.00
1 96.000 1.00 0.00 0.00 0.00
2 98.000 2.00 -0.11 -0.11 0.10
3 101.000 3.00 -0.11 -0.11 0.10
1 102.000 1.00 0.00 0.00 0.00
2 103.000 1.00 -0.15 0.00 0.10
3 105.000 2.00 -0.15 0.00 0.10
1 106.000 1.00 0.00 0.00 0.00
2 107.000 1.00 -0.11 0.11 0.10
3 110.000 3.00 -0.11 0.11 0.10
1 111.000 1.00 0.00 0.00 0.00
2 112.000 1.00 -0.11 -0.11 0.10
3 115.000 3.00 -0.11 -0.11 0.10
1 117.000 2.00 0.00 0.00 0.00
2 119.000 2.00 -0.11 0.11 0.10
3 122.000 3.00 -0.11 0.11 0.10
1 124.000 2.00 0.00 0.00 0.00
2 126.000 2.00 -0.11 0.11 0.10
3 128.000 2.00 -0.11 0.11 0.10
1 130.000 2.00 0.00 0.00 0.00
2 132.000 2.00 -0.11 -0.11 0.10
3 134.000 2.00 -0.11 -0.11 0.10
1 136.000 2.00 0.00 0.00 0.00
2 137.000 1.00 -0.00 -0.15 0.10
3 139.000 2.00 -0.00 -0.15 0.10
1 141.000 2.00 0.00 0.00 0.00
2 142.000 1.00 -0.00 -0.15 0.10
3 144.000 2.00 -0.00 -0.15 0.10
1 146.000 2.00 0.00 0.00 0.00
2 147.000 1.00 0.15 0.00 0.10
3 149.000 2.00 0.15 0.00 0.10
1 150.000 1.00 0.00 0.00 0.00
2 152.000 2.00 -0.00 -0.15 0.10
3 155.000 3.00 -0.00 -0.15 0.10
1 156.000 1.00 0.00 0.00 0.00
2 158.000 2.00 0.00 0.15 0.10
3 161.000 3.00 0.00 0.15 0.10
1 162.000 1.00 0.00 0.00 0.00
2 164.000 2.00 -0.11 -0.11 0.10
3 166.000 2.00 -0.11 -0.11 0.10
1 168.000 2.00 0.00 0.00 0.00
2 169.000 1.00 0.15 0.00 0.10
3 172.000 3.00 0.15 0.00 0.10
0 175.000 3.00 0.00 0.00 0.00
1 177.000 2.00 0.00 0.00 0.00
2 179.000 2.00 0.00 0.15 0.10
3 182.000 3.00 0.00 0.15 0.10
0 185.000 3.00 0.00 0.00 0.00
1 187.000 2.00 0.00 0.00 0.00
2 189.000 2.00 0.11 -0.11 0.10
3 192.000 3.00 0.11 -0.11 0.10
1 193.000 1.00 0.00 0.00 0.00
2 194.000 1.00 0.15 0.00 0.10
3 196.000 2.00 0.15 0.00 0.10
1 197.000 1.00 0.00 0.00 0.00
2 198.000 1.00 -0.11 -0.11 0.10
3 201.000 3.00 -0.11 -0.11 0.10
0 204.000 3.00 0.00 0.00 0.00
1 206.000 2.00 0.00 0.00 0.00
2 207.000 1.00 0.11 0.11 0.10
3 210.000 3.00 0.11 0.11 0.10
1 212.000 2.00 0.00 0.00 0.00
2 213.000 1.00 0.11 0.11 0.10
3 215.000 2.00 0.11 0.11 0.10
1 217.000 2.00 0.00 0.00 0.00
2 219.000 2.00 0.11 0.11 0.10
3 221.000 2.00 0.11 0.11 0.10
1 222.000 1.00 0.00 0.00 0.00
2 223.000 1.00 -0.15 0.00 0.10
3 226.000 3.00 -0.15 0.00 0.10
1 227.000 1.00 0.00 0.00 0.00
2 229.000 2.00 0.15 0.00 0.10
3 232.000 3.00 0.15 0.00 0.10
1 233.000 1.00 0.00 0.00 0.00
2 234.000 1.00 0.00 0.15 0.10
3 237.000 3.00 0.00 0.15 0.10
0 241.000 4.00 0.00 0.00 0.00
