0 8.000 8.00 0.00 0.00 0.00
1 9.000 1.00 0.00 0.00 0.00
2 10.000 1.00 0.15 0.00 0.10
3 12.000 2.00 0.15 0.00 0.10
1 13.000 1.00 0.00 0.00 0.00
2 14.000 1.00 -0.11 -0.11 0.10
3 16.000 2.00 -0.11 -0.11 0.10
0 19.000 3.00 0.00 0.00 0.00
1 20.000 1.00 0.00 0.00 0.00
2 22.000 2.00 -0.00 -0.15 0.10
3 25.000 3.00 -0.00 -0.15 0.10
1 27.000 2.00 0.00 0.00 0.00
2 29.000 2.00 -0.15 0.00 0.10
3 31.000 2.00 -0.15 0.00 0.10
1 33.000 2.00 0.00 0.00 0.00
2 35.000 2.00 0.00 0.15 0.10
3 38.000 3.00 0.00 0.15 0.10
1 39.000 1.00 0.00 0.00 0.00
2 40.000 1.00 0.11 -0.11 0.10
3 42.000 2.00 0.11 -0.11 0.10
1 43.000 1.00 0.00 0.00 0.00
2 44.000 1.00 0.15 0.00 0.10
3 46.000 2.00 0.15 0.00 0.10
1 48.000 2.00 0.00 0.00 0.00
2 49.000 1.00 0.15 0.00 0.10
3 52.000 3.00 0.15 0.00 0.10
1 54.000 2.00 0.00 0.00 0.00
2 55.000 1.00 0.00 0.15 0.10
3 57.000 2.00 0.00 0.15 0.10
0 60.000 3.00 0.00 0.00 0.00
1 61.000 1.00 0.00 0.00 0.00
2 63.000 2.00 -0.11 0.11 0.10
3 66.000 3.00 -0.11 0.11 0.10
1 68.000 2.00 0.00 0.00 0.00
2 70.000 2.00 -0.11 -0.11 0.10
3 72.000 2.00 -0.11 -0.11 0.10
1 74.000 2.00 0.00 0.00 0.00
2 75.000 1.00 0.11 0.11 0.10
3 78.000 3.00 0.11 0.11 0.10
1 80.000 2.00 0.00 0.00 0.00
2 82.000 2.00 0.11 0.11 0.10
3 84.000 2.00 0.11 0.11 0.10
1 85.000 1.00 0.00 0.00 0.00
2 87.000 2.00 -0.15 0.00 0.10
3 89.000 2.00 -0.15 0.00 0.10
1 90.000 1.00 0.00 0.00 0.00
2 91.000 1.00 -0.00 -0.15 0.10
3 93.000 2.00 -0.00 -0.15 0.10
0 96.000 3.00 0.00 0.00 0.00
1 97.000 1.00 0.00 0.00 0.00
2 99.000 2.00 0.11 -0.11 0.10
3 102.000 3.00 0.11 -0.11 0.10
1 104.000 2.00 0.00 0.00 0.00
2 106.000 2.00 0.11 -0.11 0.10
3 108.000 2.00 0.11 -0.11 0.10
1 109.000 1.00 0.00 0.00 0.00
2 110.000 1.00 -0.11 -0.11 0.10
3 113.000 3.00 -0.11 -0.11 0.10
1 115.000 2.00 0.00 0.00 0.00
2 116.000 1.00 0.11 -0.11 0.10
3 119.000 3.00 0.11 -0.11 0.10
1 121.000 2.00 0.00 0.00 0.00
2 123.000 2.00 0.11 0.11 0.10
3 126.000 3.00 0.11 0.11 0.10
1 128.000 2.00 0.00 0.00 0.00
2 130.000 2.00 -0.15 0.00 0.10
3 133.000 3.00 -0.15 0.00 0.10
1 135.000 2.00 0.00 0.00 0.00
2 137.000 2.00 -0.11 -0.11 0.10
3 139.000 2.00 -0.11 -0.11 0.10
0 142.000 3.00 0.00 0.00 0.00
1 144.000 2.00 0.00 0.00 0.00
2 146.000 2.00 -0.11 0.11 0.10
3 149.000 3.00 -0.11 0.11 0.10
1 151.000 2.00 0.00 0.00 0.00
2 153.000 2.00 -0.00 -0.15 0.10
3 156.000 3.00 -0.00 -0.15 0.10
1 157.000 1.00 0.00 0.00 0.00
2 159.000 2.00 0.11 -0.11 0.10
3 161.000 2.00 0.11 -0.11 0.10
1 163.000 2.00 0.00 0.00 0.00
2 164.000 1.00 -0.11 0.11 0.10
3 167.000 3.00 -0.11 0.11 0.10
1 169.000 2.00 0.00 0.00 0.00
2 170.000 1.00 0.11 0.11 0.10
3 172.000 2.00 0.11 0.11 0.10
1 173.000 1.00 0.00 0.00 0.00
2 174.000 1.00 -0.11 0.11 0.10
3 176.000 2.00 -0.11 0.11 0.10
1 177.000 1.00 0.00 0.00 0.00
2 179.000 2.00 -0.11 0.11 0.10
3 181.000 2.00 -0.11 0.11 0.10
1 182.000 1.00 0.00 0.00 0.00
2 184.000 2.00 -0.15 0.00 0.10
3 186.000 2.00 -0.15 0.00 0.10
1 187.000 1.00 0.00 0.00 0.00
2 188.000 1.00 -0.11 -0.11 0.10
3 190.000 2.00 -0.11 -0.11 0.10
1 191.000 1.00 0.00 0.00 0.00
2 192.000 1.00 -0.00 -0.15 0.10
3 195.000 3.00 -0.00 -0.15 0.10
1 197.000 2.00 0.00 0.00 0.00
2 198.000 1.00 -0.15 0.00 0.10
3 200.000 2.00 -0.15 0.00 0.10
1 201.000 1.00 0.00 0.00 0.00
2 202.000 1.00 0.00 0.15 0.10
3 205.000 3.00 0.00 0.15 0.10
1 207.000 2.00 0.00 0.00 0.00
2 208.000 1.00 0.00 0.15 0.10
3 210.000 2.00 0.00 0.15 0.10
1 212.000 2.00 0.00 0.00 0.00
2 213.000 1.00 0.15 0.00 0.10
3 215.000 2.00 0.15 0.00 0.10
1 217.000 2.00 0.00 0.00 0.00
2 218.000 1.00 0.15 0.00 0.10
3 220.000 2.00 0.15 0.00 0.10
1 221.000 1.00 0.00 0.00 0.00
2 222.000 1.00 0.00 0.15 0.10
3 224.000 2.00 0.00 0.15 0.10
0 227.000 3.00 0.00 0.00 0.00
1 228.000 1.00 0.00 0.00 0.00
2 230.000 2.00 -0.00 -0.15 0.10
3 232.000 2.00 -0.00 -0.15 0.10
1 233.000 1.00 0.00 0.00 0.00
2 234.000 1.00 0.11 0.11 0.10
3 237.000 3.00 0.11 0.11 0.10
0 241.000 4.00 0.00 0.00 0.00
