0 8.000 8.00 0.00 0.00 0.00
1 9.000 1.00 0.00 0.00 0.00
2 10.000 1.00 -0.15 0.00 0.10
3 13.000 3.00 -0.15 0.00 0.10
1 15.000 2.00 0.00 0.00 0.00
2 16.000 1.00 0.11 0.11 0.10
3 19.000 3.00 0.11 0.11 0.10
1 21.000 2.00 0.00 0.00 0.00
2 23.000 2.00 -0.11 0.11 0.10
3 26.000 3.00 -0.11 0.11 0.10
1 28.000 2.00 0.00 0.00 0.00
2 30.000 2.00 -0.00 -0.15 0.10
3 32.000 2.00 -0.00 -0.15 0.10
1 33.000 1.00 0.00 0.00 0.00
2 34.000 1.00 -0.00 -0.15 0.10
3 37.000 3.00 -0.00 -0.15 0.10
1 38.000 1.00 0.00 0.00 0.00
2 39.000 1.00 -0.15 0.00 0.10
3 42.000 3.00 -0.15 0.00 0.10
1 43.000 1.00 0.00 0.00 0.00
2 44.000 1.00 0.11 -0.11 0.10
3 47.000 3.00 0.11 -0.11 0.10
0 50.000 3.00 0.00 0.00 0.00
1 51.000 1.00 0.00 0.00 0.00
2 53.000 2.00 -0.15 0.00 0.10
3 56.000 3.00 -0.15 0.00 0.10
1 57.000 1.00 0.00 0.00 0.00
2 58.000 1.00 -0.00 -0.15 0.10
3 60.000 2.00 -0.00 -0.15 0.10
1 61.000 1.00 0.00 0.00 0.00
2 63.000 2.00 0.00 0.15 0.10
3 65.000 2.00 0.00 0.15 0.10
1 67.000 2.00 0.00 0.00 0.00
2 69.000 2.00 -0.11 -0.11 0.10
3 72.000 3.00 -0.11 -0.11 0.10
1 73.000 1.00 0.00 0.00 0.00
2 74.000 1.00 0.11 -0.11 0.10
3 77.000 3.00 0.11 -0.11 0.10
0 80.000 3.00 0.00 0.00 0.00
1 82.000 2.00 0.00 0.00 0.00
2 84.000 2.00 -0.15 0.00 0.10
3 87.000 3.00 -0.15 0.00 0.10
1 88.000 1.00 0.00 0.00 0.00
2 89.000 1.00 0.11 0.11 0.10
3 91.000 2.00 0.11 0.11 0.10
1 92.000 1.00 0.00 0.00 0.00
2 93.000 1.00 -0.00 -0.15 0.10
3 95.000 2.00 -0.00 -0.15 0.10
0 98.000 3.00 0.00 0.00 0.00
1 100.000 2.00 0.00 0.00 0.00
2 102.000 2.00 -0.11 -0.11 0.10
3 105.000 3.00 -0.11 -0.11 0.10
1 106.000 1.00 0.00 0.00 0.00
2 107.000 1.00 0.11 0.11 0.10
3 110.000 3.00 0.11 0.11 0.10
1 112.000 2.00 0.00 0.00 0.00
2 113.000 1.00 0.11 -0.11 0.10
3 115.000 2.00 0.11 -0.11 0.10
1 116.000 1.00 0.00 0.00 0.00
2 118.000 2.00 0.00 0.15 0.10
3 121.000 3.00 0.00 0.15 0.10
1 123.000 2.00 0.00 0.00 0.00
2 124.000 1.00 0.15 0.00 0.10
3 126.000 2.00 0.15 0.00 0.10
1 127.000 1.00 0.00 0.00 0.00
2 129.000 2.00 -0.11 -0.11 0.10
3 131.000 2.00 -0.11 -0.11 0.10
1 133.000 2.00 0.00 0.00 0.00
2 134.000 1.00 0.00 0.15 0.10
3 136.000 2.00 0.00 0.15 0.10
1 138.000 2.00 0.00 0.00 0.00
2 139.000 1.00 0.11 -0.11 0.10
3 141.000 2.00 0.11 -0.11 0.10
1 143.000 2.00 0.00 0.00 0.00
2 144.000 1.00 0.15 0.00 0.10
3 147.000 3.00 0.15 0.00 0.10
1 148.000 1.00 0.00 0.00 0.00
2 150.000 2.00 0.11 -0.11 0.10
3 152.000 2.00 0.11 -0.11 0.10
1 153.000 1.00 0.00 0.00 0.00
2 155.000 2.00 -0.11 -0.11 0.10
3 157.000 2.00 -0.11 -0.11 0.10
0 160.000 3.00 0.00 0.00 0.00
1 161.000 1.00 0.00 0.00 0.00
2 163.000 2.00 0.00 0.15 0.10
3 165.000 2.00 0.00 0.15 0.10
1 167.000 2.00 0.00 0.00 0.00
2 169.000 2.00 0.15 0.00 0.10
3 172.000 3.00 0.15 0.00 0.10
0 175.000 3.00 0.00 0.00 0.00
1 176.000 1.00 0.00 0.00 0.00
2 177.000 1.00 0.15 0.00 0.10
3 179.000 2.00 0.15 0.00 0.10
1 180.000 1.00 0.00 0.00 0.00
2 181.000 1.00 -0.11 0.11 0.10
3 184.000 3.00 -0.11 0.11 0.10
1 185.000 1.00 0.00 0.00 0.00
2 187.000 2.00 0.00 0.15 0.10
3 190.000 3.00 0.00 0.15 0.10
1 191.000 1.00 0.00 0.00 0.00
2 192.000 1.00 -0.11 0.11 0.10
3 195.000 3.00 -0.11 0.11 0.10
1 196.000 1.00 0.00 0.00 0.00
2 197.000 1.00 0.15 0.00 0.10
3 199.000 2.00 0.15 0.00 0.10
1 201.000 2.00 0.00 0.00 0.00
2 203.000 2.00 0.11 0.11 0.10
3 205.000 2.00 0.11 0.11 0.10
1 207.000 2.00 0.00 0.00 0.00
2 209.000 2.00 -0.11 0.11 0.10
3 211.000 2.00 -0.11 0.11 0.10
1 213.000 2.00 0.00 0.00 0.00
2 214.000 1.00 -0.15 0.00 0.10
3 216.000 2.00 -0.15 0.00 0.10
1 217.000 1.00 0.00 0.00 0.00
2 218.000 1.00 -0.11 0.11 0.10
3 221.000 3.00 -0.11 0.11 0.10
1 222.000 1.00 0.00 0.00 0.00
2 224.000 2.00 -0.11 -0.11 0.10
3 226.000 2.00 -0.11 -0.11 0.10
1 227.000 1.00 0.00 0.00 0.00
2 228.000 1.00 0.11 0.11 0.10
3 231.000 3.00 0.11 0.11 0.10
1 232.000 1.00 0.00 0.00 0.00
2 234.000 2.00 -0.00 -0.15 0.10
3 237.000 3.00 -0.00 -0.15 0.10
0 241.000 4.00 0.00 0.00 0.00
