0 8.000 8.00 0.00 0.00 0.00
1 10.000 2.00 0.00 0.00 0.00
2 11.000 1.00 0.11 0.11 0.10
3 13.000 2.00 0.11 0.11 0.10
0 16.000 3.00 0.00 0.00 0.00
1 17.000 1.00 0.00 0.00 0.00
2 18.000 1.00 -0.00 -0.15 0.10
3 21.000 3.00 -0.00 -0.15 0.10
1 22.000 1.00 0.00 0.00 0.00
2 23.000 1.00 -0.00 -0.15 0.10
3 25.000 2.00 -0.00 -0.15 0.10
1 27.000 2.00 0.00 0.00 0.00
2 28.000 1.00 0.11 0.11 0.10
3 31.000 3.00 0.11 0.11 0.10
1 33.000 2.00 0.00 0.00 0.00
2 35.000 2.00 0.00 0.15 0.10
3 37.000 2.00 0.00 0.15 0.10
1 38.000 1.00 0.00 0.00 0.00
2 40.000 2.00 -0.11 -0.11 0.10
3 42.000 2.00 -0.11 -0.11 0.10
1 43.000 1.00 0.00 0.00 0.00
2 44.000 1.00 -0.00 -0.15 0.10
3 47.000 3.00 -0.00 -0.15 0.10
1 48.000 1.00 0.00 0.00 0.00
2 49.000 1.00 -0.15 0.00 0.10
3 52.000 3.00 -0.15 0.00 0.10
1 53.000 1.00 0.00 0.00 0.00
2 55.000 2.00 0.11 -0.11 0.10
3 57.000 2.00 0.11 -0.11 0.10
1 59.000 2.00 0.00 0.00 0.00
2 60.000 1.00 0.11 0.11 0.10
3 62.000 2.00 0.11 0.11 0.10
1 64.000 2.00 0.00 0.00 0.00
2 65.000 1.00 -0.11 0.11 0.10
3 67.000 2.00 -0.11 0.11 0.10
1 68.000 1.00 0.00 0.00 0.00
2 70.000 2.00 0.11 0.11 0.10
3 72.000 2.00 0.11 0.11 0.10
0 75.000 3.00 0.00 0.00 0.00
1 76.000 1.00 0.00 0.00 0.00
2 77.000 1.00 -0.11 0.11 0.10
3 80.000 3.00 -0.11 0.11 0.10
1 81.000 1.00 0.00 0.00 0.00
2 83.000 2.00 0.11 -0.11 0.10
3 85.000 2.00 0.11 -0.11 0.10
1 87.000 2.00 0.00 0.00 0.00
2 88.000 1.00 0.11 -0.11 0.10
3 90.000 2.00 0.11 -0.11 0.10
1 91.000 1.00 0.00 0.00 0.00
2 93.000 2.00 -0.15 0.00 0.10
3 96.000 3.00 -0.15 0.00 0.10
0 99.000 3.00 0.00 0.00 0.00
1 100.000 1.00 0.00 0.00 0.00
2 101.000 1.00 -0.00 -0.15 0.10
3 104.000 3.00 -0.00 -0.15 0.10
1 105.000 1.00 0.00 0.00 0.00
2 107.000 2.00 -0.11 -0.11 0.10
3 109.000 2.00 -0.11 -0.11 0.10
1 111.000 2.00 0.00 0.00 0.00
2 112.000 1.00 0.00 0.15 0.10
3 115.000 3.00 0.00 0.15 0.10
1 117.000 2.00 0.00 0.00 0.00
2 118.000 1.00 0.15 0.00 0.10
3 121.000 3.00 0.15 0.00 0.10
1 122.000 1.00 0.00 0.00 0.00
2 124.000 2.00 0.15 0.00 0.10
3 126.000 2.00 0.15 0.00 0.10
1 128.000 2.00 0.00 0.00 0.00
2 130.000 2.00 0.11 -0.11 0.10
3 133.000 3.00 0.11 -0.11 0.10
1 134.000 1.00 0.00 0.00 0.00
2 135.000 1.00 0.00 0.15 0.10
3 138.000 3.00 0.00 0.15 0.10
1 139.000 1.00 0.00 0.00 0.00
2 141.000 2.00 -0.11 0.11 0.10
3 144.000 3.00 -0.11 0.11 0.10
1 145.000 1.00 0.00 0.00 0.00
2 147.000 2.00 -0.15 0.00 0.10
3 150.000 3.00 -0.15 0.00 0.10
1 151.000 1.00 0.00 0.00 0.00
2 152.000 1.00 -0.11 0.11 0.10
3 154.000 2.00 -0.11 0.11 0.10
0 157.000 3.00 0.00 0.00 0.00
1 159.000 2.00 0.00 0.00 0.00
2 160.000 1.00 -0.11 0.11 0.10
3 163.000 3.00 -0.11 0.11 0.10
0 166.000 3.00 0.00 0.00 0.00
1 167.000 1.00 0.00 0.00 0.00
2 169.000 2.00 0.11 -0.11 0.10
3 171.000 2.00 0.11 -0.11 0.10
1 173.000 2.00 0.00 0.00 0.00
2 174.000 1.00 0.15 0.00 0.10
3 177.000 3.00 0.15 0.00 0.10
1 178.000 1.00 0.00 0.00 0.00
2 179.000 1.00 -0.00 -0.15 0.10
3 181.000 2.00 -0.00 -0.15 0.10
1 183.000 2.00 0.00 0.00 0.00
2 185.000 2.00 -0.11 -0.11 0.10
3 188.000 3.00 -0.11 -0.11 0.10
1 189.000 1.00 0.00 0.00 0.00
2 191.000 2.00 -0.11 -0.11 0.10
3 193.000 2.00 -0.11 -0.11 0.10
1 194.000 1.00 0.00 0.00 0.00
2 196.000 2.00 0.15 0.00 0.10
3 199.000 3.00 0.15 0.00 0.10
1 201.000 2.00 0.00 0.00 0.00
2 203.000 2.00 0.00 0.15 0.10
3 205.000 2.00 0.00 0.15 0.10
1 206.000 1.00 0.00 0.00 0.00
2 207.000 1.00 -0.11 -0.11 0.10
3 210.000 3.00 -0.11 -0.11 0.10
1 212.000 2.00 0.00 0.00 0.00
2 214.000 2.00 0.11 0.11 0.10
3 217.000 3.00 0.11 0.11 0.10
1 219.000 2.00 0.00 0.00 0.00
2 220.000 1.00 0.00 0.15 0.10
3 223.000 3.00 0.00 0.15 0.10
1 224.000 1.00 0.00 0.00 0.00
2 225.000 1.00 -0.15 0.00 0.10
3 227.000 2.00 -0.15 0.00 0.10
1 228.000 1.00 0.00 0.00 0.00
2 229.000 1.00 0.15 0.00 0.10
3 231.000 2.00 0.15 0.00 0.10
1 232.000 1.00 0.00 0.00 0.00
2 234.000 2.00 -0.15 0.00 0.10
3 237.000 3.00 -0.15 0.00 0.10
0 241.000 4.00 0.00 0.00 0.00
