0 8.000 8.00 0.00 0.00 0.00
1 11.000 3.00 0.00 0.00 0.00
2 13.000 2.00 -0.00 -0.15 0.10
3 16.000 3.00 -0.00 -0.15 0.10
1 18.000 2.00 0.00 0.00 0.00
2 20.000 2.00 0.00 0.15 0.10
3 23.000 3.00 0.00 0.15 0.10
1 27.000 4.00 0.00 0.00 0.00
2 28.000 1.00 -0.11 0.11 0.10
3 31.000 3.00 -0.11 0.11 0.10
1 34.000 3.00 0.00 0.00 0.00
2 35.000 1.00 -0.15 0.00 0.10
3 38.000 3.00 -0.15 0.00 0.10
0 41.000 3.00 0.00 0.00 0.00
1 44.000 3.00 0.00 0.00 0.00
2 47.000 3.00 0.00 0.15 0.10
3 50.000 3.00 0.00 0.15 0.10
1 54.000 4.00 0.00 0.00 0.00
2 55.000 1.00 0.11 0.11 0.10
3 58.000 3.00 0.11 0.11 0.10
1 62.000 4.00 0.00 0.00 0.00
2 63.000 1.00 -0.15 0.00 0.10
3 66.000 3.00 -0.15 0.00 0.10
1 69.000 3.00 0.00 0.00 0.00
2 72.000 3.00 0.11 -0.11 0.10
3 75.000 3.00 0.11 -0.11 0.10
0 78.000 3.00 0.00 0.00 0.00
1 80.000 2.00 0.00 0.00 0.00
2 83.000 3.00 0.00 0.15 0.10
3 86.000 3.00 0.00 0.15 0.10
0 89.000 3.00 0.00 0.00 0.00
1 93.000 4.00 0.00 0.00 0.00
2 94.000 1.00 0.15 0.00 0.10
3 97.000 3.00 0.15 0.00 0.10
1 101.000 4.00 0.00 0.00 0.00
2 104.000 3.00 -0.15 0.00 0.10
3 107.000 3.00 -0.15 0.00 0.10
1 111.000 4.00 0.00 0.00 0.00
2 114.000 3.00 0.11 -0.11 0.10
3 117.000 3.00 0.11 -0.11 0.10
1 120.000 3.00 0.00 0.00 0.00
2 123.000 3.00 -0.00 -0.15 0.10
3 126.000 3.00 -0.00 -0.15 0.10
1 128.000 2.00 0.00 0.00 0.00
2 129.000 1.00 -0.11 0.11 0.10
3 132.000 3.00 -0.11 0.11 0.10
1 135.000 3.00 0.00 0.00 0.00
2 137.000 2.00 -0.11 -0.11 0.10
3 140.000 3.00 -0.11 -0.11 0.10
1 142.000 2.00 0.00 0.00 0.00
2 144.000 2.00 -0.11 0.11 0.10
3 147.000 3.00 -0.11 0.11 0.10
1 151.000 4.00 0.00 0.00 0.00
2 154.000 3.00 -0.11 -0.11 0.10
3 157.000 3.00 -0.11 -0.11 0.10
1 161.000 4.00 0.00 0.00 0.00
2 163.000 2.00 0.11 -0.11 0.10
3 166.000 3.00 0.11 -0.11 0.10
1 169.000 3.00 0.00 0.00 0.00
2 171.000 2.00 0.15 0.00 0.10
3 174.000 3.00 0.15 0.00 0.10
1 176.000 2.00 0.00 0.00 0.00
2 178.000 2.00 0.15 0.00 0.10
3 181.000 3.00 0.15 0.00 0.10
1 185.000 4.00 0.00 0.00 0.00
2 187.000 2.00 0.15 0.00 0.10
3 190.000 3.00 0.15 0.00 0.10
1 193.000 3.00 0.00 0.00 0.00
2 194.000 1.00 -0.00 -0.15 0.10
3 197.000 3.00 -0.00 -0.15 0.10
1 199.000 2.00 0.00 0.00 0.00
2 202.000 3.00 -0.11 -0.11 0.10
3 205.000 3.00 -0.11 -0.11 0.10
1 208.000 3.00 0.00 0.00 0.00
2 209.000 1.00 0.00 0.15 0.10
3 212.000 3.00 0.00 0.15 0.10
1 215.000 3.00 0.00 0.00 0.00
2 216.000 1.00 0.15 0.00 0.10
3 219.000 3.00 0.15 0.00 0.10
1 221.000 2.00 0.00 0.00 0.00
2 223.000 2.00 0.11 0.11 0.10
3 226.000 3.00 0.11 0.11 0.10
1 230.000 4.00 0.00 0.00 0.00
2 233.000 3.00 0.11 0.11 0.10
3 236.000 3.00 0.11 0.11 0.10
0 239.000 3.00 0.00 0.00 0.00
1 241.000 2.00 0.00 0.00 0.00
2 244.000 3.00 -0.00 -0.15 0.10
3 247.000 3.00 -0.00 -0.15 0.10
1 249.000 2.00 0.00 0.00 0.00
2 252.000 3.00 -0.15 0.00 0.10
3 255.000 3.00 -0.15 0.00 0.10
1 257.000 2.00 0.00 0.00 0.00
2 258.000 1.00 -0.11 -0.11 0.10
3 261.000 3.00 -0.11 -0.11 0.10
1 265.000 4.00 0.00 0.00 0.00
2 268.000 3.00 -0.00 -0.15 0.10
3 271.000 3.00 -0.00 -0.15 0.10
1 275.000 4.00 0.00 0.00 0.00
2 278.000 3.00 -0.11 0.11 0.10
3 281.000 3.00 -0.11 0.11 0.10
1 285.000 4.00 0.00 0.00 0.00
2 288.000 3.00 0.11 0.11 0.10
3 291.000 3.00 0.11 0.11 0.10
1 294.000 3.00 0.00 0.00 0.00
2 295.000 1.00 0.00 0.15 0.10
3 298.000 3.00 0.00 0.15 0.10
1 302.000 4.00 0.00 0.00 0.00
2 305.000 3.00 0.11 -0.11 0.10
3 308.000 3.00 0.11 -0.11 0.10
1 311.000 3.00 0.00 0.00 0.00
2 314.000 3.00 0.11 -0.11 0.10
3 317.000 3.00 0.11 -0.11 0.10
1 321.000 4.00 0.00 0.00 0.00
2 322.000 1.00 -0.11 -0.11 0.10
3 325.000 3.00 -0.11 -0.11 0.10
1 327.000 2.00 0.00 0.00 0.00
2 328.000 1.00 -0.11 0.11 0.10
3 331.000 3.00 -0.11 0.11 0.10
0 334.000 3.00 0.00 0.00 0.00
1 338.000 4.00 0.00 0.00 0.00
2 340.000 2.00 0.11 0.11 0.10
3 343.000 3.00 0.11 0.11 0.10
1 346.000 3.00 0.00 0.00 0.00
2 348.000 2.00 -0.15 0.00 0.10
3 351.000 3.00 -0.15 0.00 0.10
0 354.000 3.00 0.00 0.00 0.00
