0 8.000 8.00 0.00 0.00 0.00
1 10.000 2.00 0.00 0.00 0.00
2 11.000 1.00 -0.11 0.11 0.10
3 13.000 2.00 -0.11 0.11 0.10
1 15.000 2.00 0.00 0.00 0.00
2 16.000 1.00 0.11 0.11 0.10
3 19.000 3.00 0.11 0.11 0.10
1 20.000 1.00 0.00 0.00 0.00
2 21.000 1.00 -0.00 -0.15 0.10
3 24.000 3.00 -0.00 -0.15 0.10
1 25.000 1.00 0.00 0.00 0.00
2 26.000 1.00 0.00 0.15 0.10
3 28.000 2.00 0.00 0.15 0.10
1 29.000 1.00 0.00 0.00 0.00
2 31.000 2.00 0.11 0.11 0.10
3 34.000 3.00 0.11 0.11 0.10
1 36.000 2.00 0.00 0.00 0.00
2 37.000 1.00 -0.11 -0.11 0.10
3 39.000 2.00 -0.11 -0.11 0.10
1 40.000 1.00 0.00 0.00 0.00
2 41.000 1.00 -0.00 -0.15 0.10
3 43.000 2.00 -0.00 -0.15 0.10
0 46.000 3.00 0.00 0.00 0.00
1 48.000 2.00 0.00 0.00 0.00
2 49.000 1.00 -0.11 0.11 0.10
3 51.000 2.00 -0.11 0.11 0.10
0 54.000 3.00 0.00 0.00 0.00
1 55.000 1.00 0.00 0.00 0.00
2 56.000 1.00 0.15 0.00 0.10
3 59.000 3.00 0.15 0.00 0.10
1 60.000 1.00 0.00 0.00 0.00
2 62.000 2.00 -0.15 0.00 0.10
3 65.000 3.00 -0.15 0.00 0.10
1 67.000 2.00 0.00 0.00 0.00
2 68.000 1.00 0.11 0.11 0.10
3 70.000 2.00 0.11 0.11 0.10
1 71.000 1.00 0.00 0.00 0.00
2 72.000 1.00 -0.11 -0.11 0.10
3 75.000 3.00 -0.11 -0.11 0.10
1 76.000 1.00 0.00 0.00 0.00
2 78.000 2.00 -0.00 -0.15 0.10
3 80.000 2.00 -0.00 -0.15 0.10
1 81.000 1.00 0.00 0.00 0.00
2 82.000 1.00 0.11 -0.11 0.10
3 84.000 2.00 0.11 -0.11 0.10
1 85.000 1.00 0.00 0.00 0.00
2 87.000 2.00 -0.00 -0.15 0.10
3 90.000 3.00 -0.00 -0.15 0.10
1 92.000 2.00 0.00 0.00 0.00
2 94.000 2.00 0.11 -0.11 0.10
3 97.000 3.00 0.11 -0.11 0.10
1 98.000 1.00 0.00 0.00 0.00
2 100.000 2.00 0.00 0.15 0.10
3 103.000 3.00 0.00 0.15 0.10
1 105.000 2.00 0.00 0.00 0.00
2 107.000 2.00 -0.11 -0.11 0.10
3 110.000 3.00 -0.11 -0.11 0.10
1 112.000 2.00 0.00 0.00 0.00
2 114.000 2.00 -0.11 -0.11 0.10
3 116.000 2.00 -0.11 -0.11 0.10
1 117.000 1.00 0.00 0.00 0.00
2 119.000 2.00 -0.11 0.11 0.10
3 121.000 2.00 -0.11 0.11 0.10
0 124.000 3.00 0.00 0.00 0.00
1 125.000 1.00 0.00 0.00 0.00
2 126.000 1.00 0.11 -0.11 0.10
3 129.000 3.00 0.11 -0.11 0.10
0 132.000 3.00 0.00 0.00 0.00
1 133.000 1.00 0.00 0.00 0.00
2 135.000 2.00 -0.15 0.00 0.10
3 138.000 3.00 -0.15 0.00 0.10
1 139.000 1.00 0.00 0.00 0.00
2 141.000 2.00 0.15 0.00 0.10
3 143.000 2.00 0.15 0.00 0.10
1 145.000 2.00 0.00 0.00 0.00
2 146.000 1.00 0.11 0.11 0.10
3 148.000 2.00 0.11 0.11 0.10
1 149.000 1.00 0.00 0.00 0.00
2 151.000 2.00 0.00 0.15 0.10
3 154.000 3.00 0.00 0.15 0.10
1 155.000 1.00 0.00 0.00 0.00
2 156.000 1.00 -0.00 -0.15 0.10
3 159.000 3.00 -0.00 -0.15 0.10
1 161.000 2.00 0.00 0.00 0.00
2 163.000 2.00 0.00 0.15 0.10
3 165.000 2.00 0.00 0.15 0.10
1 167.000 2.00 0.00 0.00 0.00
2 168.000 1.00 0.11 -0.11 0.10
3 171.000 3.00 0.11 -0.11 0.10
1 172.000 1.00 0.00 0.00 0.00
2 173.000 1.00 0.11 0.11 0.10
3 176.000 3.00 0.11 0.11 0.10
1 178.000 2.00 0.00 0.00 0.00
2 179.000 1.00 0.11 -0.11 0.10
3 181.000 2.00 0.11 -0.11 0.10
1 182.000 1.00 0.00 0.00 0.00
2 183.000 1.00 0.00 0.15 0.10
3 186.000 3.00 0.00 0.15 0.10
1 187.000 1.00 0.00 0.00 0.00
2 188.000 1.00 0.15 0.00 0.10
3 191.000 3.00 0.15 0.00 0.10
0 194.000 3.00 0.00 0.00 0.00
1 195.000 1.00 0.00 0.00 0.00
2 196.000 1.00 -0.15 0.00 0.10
3 199.000 3.00 -0.15 0.00 0.10
1 200.000 1.00 0.00 0.00 0.00
2 201.000 1.00 0.15 0.00 0.10
3 204.000 3.00 0.15 0.00 0.10
1 206.000 2.00 0.00 0.00 0.00
2 207.000 1.00 -0.11 -0.11 0.10
3 210.000 3.00 -0.11 -0.11 0.10
1 211.000 1.00 0.00 0.00 0.00
2 213.000 2.00 -0.15 0.00 0.10
3 216.000 3.00 -0.15 0.00 0.10
1 217.000 1.00 0.00 0.00 0.00
2 219.000 2.00 -0.11 0.11 0.10
3 222.000 3.00 -0.11 0.11 0.10
1 223.000 1.00 0.00 0.00 0.00
2 224.000 1.00 0.15 0.00 0.10
3 226.000 2.00 0.15 0.00 0.10
1 227.000 1.00 0.00 0.00 0.00
2 229.000 2.00 -0.11 0.11 0.10
3 232.000 3.00 -0.11 0.11 0.10
1 233.000 1.00 0.00 0.00 0.00
2 234.000 1.00 -0.15 0.00 0.10
3 237.000 3.00 -0.15 0.00 0.10
0 241.000 4.00 0.00 0.00 0.00
