0 8.000 8.00 0.00 0.00 0.00
1 12.000 4.00 0.00 0.00 0.00
2 15.000 3.00 0.10 0.10 0.05
3 18.000 3.00 0.10 0.10 0.05
0 21.000 3.00 0.00 0.00 0.00
1 25.000 4.00 0.00 0.00 0.00
2 28.000 3.00 -0.10 0.10 0.05
3 31.000 3.00 -0.10 0.10 0.05
1 35.000 4.00 0.00 0.00 0.00
2 37.000 2.00 -0.10 0.10 0.05
3 40.000 3.00 -0.10 0.10 0.05
1 44.000 4.00 0.00 0.00 0.00
2 47.000 3.00 0.10 -0.10 0.05
3 50.000 3.00 0.10 -0.10 0.05
1 53.000 3.00 0.00 0.00 0.00
2 56.000 3.00 -0.10 0.10 0.05
3 59.000 3.00 -0.10 0.10 0.05
1 61.000 2.00 0.00 0.00 0.00
2 62.000 1.00 0.10 -0.10 0.05
3 65.000 3.00 0.10 -0.10 0.05
1 68.000 3.00 0.00 0.00 0.00
2 70.000 2.00 0.10 -0.10 0.05
3 73.000 3.00 0.10 -0.10 0.05
1 75.000 2.00 0.00 0.00 0.00
2 78.000 3.00 -0.10 -0.10 0.05
3 81.000 3.00 -0.10 -0.10 0.05
0 84.000 3.00 0.00 0.00 0.00
1 86.000 2.00 0.00 0.00 0.00
2 89.000 3.00 -0.10 -0.10 0.05
3 92.000 3.00 -0.10 -0.10 0.05
1 94.000 2.00 0.00 0.00 0.00
2 97.000 3.00 0.10 0.10 0.05
3 100.000 3.00 0.10 0.10 0.05
1 102.000 2.00 0.00 0.00 0.00
2 103.000 1.00 -0.10 0.10 0.05
3 106.000 3.00 -0.10 0.10 0.05
1 109.000 3.00 0.00 0.00 0.00
2 111.000 2.00 0.10 0.10 0.05
3 114.000 3.00 0.10 0.10 0.05
1 118.000 4.00 0.00 0.00 0.00
2 121.000 3.00 -0.10 -0.10 0.05
3 124.000 3.00 -0.10 -0.10 0.05
1 126.000 2.00 0.00 0.00 0.00
2 128.000 2.00 0.10 0.10 0.05
3 131.000 3.00 0.10 0.10 0.05
1 133.000 2.00 0.00 0.00 0.00
2 135.000 2.00 0.10 -0.10 0.05
3 138.000 3.00 0.10 -0.10 0.05
1 142.000 4.00 0.00 0.00 0.00
2 145.000 3.00 0.10 0.10 0.05
3 148.000 3.00 0.10 0.10 0.05
1 150.000 2.00 0.00 0.00 0.00
2 153.000 3.00 -0.10 0.10 0.05
3 156.000 3.00 -0.10 0.10 0.05
1 160.000 4.00 0.00 0.00 0.00
2 162.000 2.00 0.10 -0.10 0.05
3 165.000 3.00 0.10 -0.10 0.05
1 167.000 2.00 0.00 0.00 0.00
2 169.000 2.00 0.10 -0.10 0.05
3 172.000 3.00 0.10 -0.10 0.05
1 174.000 2.00 0.00 0.00 0.00
2 176.000 2.00 -0.10 0.10 0.05
3 179.000 3.00 -0.10 0.10 0.05
1 182.000 3.00 0.00 0.00 0.00
2 183.000 1.00 -0.10 0.10 0.05
3 186.000 3.00 -0.10 0.10 0.05
1 189.000 3.00 0.00 0.00 0.00
2 191.000 2.00 0.10 0.10 0.05
3 194.000 3.00 0.10 0.10 0.05
0 197.000 3.00 0.00 0.00 0.00
1 201.000 4.00 0.00 0.00 0.00
2 204.000 3.00 -0.10 -0.10 0.05
3 207.000 3.00 -0.10 -0.10 0.05
1 211.000 4.00 0.00 0.00 0.00
2 214.000 3.00 0.10 -0.10 0.05
3 217.000 3.00 0.10 -0.10 0.05
1 219.000 2.00 0.00 0.00 0.00
2 221.000 2.00 0.10 0.10 0.05
3 224.000 3.00 0.10 0.10 0.05
1 228.000 4.00 0.00 0.00 0.00
2 229.000 1.00 -0.10 0.10 0.05
3 232.000 3.00 -0.10 0.10 0.05
1 234.000 2.00 0.00 0.00 0.00
2 237.000 3.00 -0.10 -0.10 0.05
3 240.000 3.00 -0.10 -0.10 0.05
1 242.000 2.00 0.00 0.00 0.00
2 245.000 3.00 0.10 0.10 0.05
3 248.000 3.00 0.10 0.10 0.05
1 252.000 4.00 0.00 0.00 0.00
2 253.000 1.00 0.10 -0.10 0.05
3 256.000 3.00 0.10 -0.10 0.05
0 259.000 3.00 0.00 0.00 0.00
1 263.000 4.00 0.00 0.00 0.00
2 264.000 1.00 -0.10 -0.10 0.05
3 267.000 3.00 -0.10 -0.10 0.05
1 269.000 2.00 0.00 0.00 0.00
2 271.000 2.00 0.10 0.10 0.05
3 274.000 3.00 0.10 0.10 0.05
1 276.000 2.00 0.00 0.00 0.00
2 279.000 3.00 0.10 -0.10 0.05
3 282.000 3.00 0.10 -0.10 0.05
1 285.000 3.00 0.00 0.00 0.00
2 288.000 3.00 -0.10 -0.10 0.05
3 291.000 3.00 -0.10 -0.10 0.05
1 293.000 2.00 0.00 0.00 0.00
2 294.000 1.00 -0.10 -0.10 0.05
3 297.000 3.00 -0.10 -0.10 0.05
1 301.000 4.00 0.00 0.00 0.00
2 304.000 3.00 -0.10 0.10 0.05
3 307.000 3.00 -0.10 0.10 0.05
1 310.000 3.00 0.00 0.00 0.00
2 312.000 2.00 0.10 -0.10 0.05
3 315.000 3.00 0.10 -0.10 0.05
1 319.000 4.00 0.00 0.00 0.00
2 322.000 3.00 -0.10 -0.10 0.05
3 325.000 3.00 -0.10 -0.10 0.05
1 327.000 2.00 0.00 0.00 0.00
2 329.000 2.00 -0.10 0.10 0.05
3 332.000 3.00 -0.10 0.10 0.05
1 336.000 4.00 0.00 0.00 0.00
2 339.000 3.00 0.10 0.10 0.05
3 342.000 3.00 0.10 0.10 0.05
1 344.000 2.00 0.00 0.00 0.00
2 345.000 1.00 -0.10 -0.10 0.05
3 348.000 3.00 -0.10 -0.10 0.05
0 351.000 3.00 0.00 0.00 0.00
0 354.000 3.00 0.00 0.00 0.00
