0 5.000 5.00 0.00 0.00 0.00
1 8.805 3.80 0.00 0.00 0.00
2 10.805 2.00 0.10 -0.10 0.05
3 14.805 4.00 0.10 -0.10 0.05
1 19.023 4.22 0.00 0.00 0.00
2 21.023 2.00 0.10 0.10 0.05
3 25.023 4.00 0.10 0.10 0.05
1 29.431 4.41 0.00 0.00 0.00
2 31.431 2.00 0.10 -0.10 0.05
3 35.431 4.00 0.10 -0.10 0.05
1 36.902 1.47 0.00 0.00 0.00
2 38.902 2.00 0.10 -0.10 0.05
3 42.902 4.00 0.10 -0.10 0.05
1 46.531 3.63 0.00 0.00 0.00
2 48.531 2.00 -0.10 0.10 0.05
3 52.531 4.00 -0.10 0.10 0.05
1 56.543 4.01 0.00 0.00 0.00
2 58.543 2.00 0.10 -0.10 0.05
3 62.543 4.00 0.10 -0.10 0.05
1 66.352 3.81 0.00 0.00 0.00
2 68.352 2.00 -0.10 0.10 0.05
3 72.352 4.00 -0.10 0.10 0.05
1 75.772 3.42 0.00 0.00 0.00
2 77.772 2.00 0.10 0.10 0.05
3 81.772 4.00 0.10 0.10 0.05
1 82.925 1.15 0.00 0.00 0.00
2 84.925 2.00 0.10 -0.10 0.05
3 88.925 4.00 0.10 -0.10 0.05
0 91.925 3.00 0.00 0.00 0.00
1 93.706 1.78 0.00 0.00 0.00
2 95.706 2.00 -0.10 -0.10 0.05
3 99.706 4.00 -0.10 -0.10 0.05
1 102.029 2.32 0.00 0.00 0.00
2 104.029 2.00 0.10 0.10 0.05
3 108.029 4.00 0.10 0.10 0.05
1 111.600 3.57 0.00 0.00 0.00
2 113.600 2.00 0.10 -0.10 0.05
3 117.600 4.00 0.10 -0.10 0.05
1 119.470 1.87 0.00 0.00 0.00
2 121.470 2.00 0.10 0.10 0.05
3 125.470 4.00 0.10 0.10 0.05
1 126.777 1.31 0.00 0.00 0.00
2 128.777 2.00 0.10 0.10 0.05
3 132.777 4.00 0.10 0.10 0.05
1 137.700 4.92 0.00 0.00 0.00
2 139.700 2.00 0.10 -0.10 0.05
3 143.700 4.00 0.10 -0.10 0.05
1 145.527 1.83 0.00 0.00 0.00
2 147.527 2.00 0.10 0.10 0.05
3 151.527 4.00 0.10 0.10 0.05
1 156.460 4.93 0.00 0.00 0.00
2 158.460 2.00 -0.10 -0.10 0.05
3 162.460 4.00 -0.10 -0.10 0.05
1 165.901 3.44 0.00 0.00 0.00
2 167.901 2.00 0.10 0.10 0.05
3 171.901 4.00 0.10 0.10 0.05
1 173.893 1.99 0.00 0.00 0.00
2 175.893 2.00 -0.10 0.10 0.05
3 179.893 4.00 -0.10 0.10 0.05
0 182.893 3.00 0.00 0.00 0.00
1 185.965 3.07 0.00 0.00 0.00
2 187.965 2.00 0.10 -0.10 0.05
3 191.965 4.00 0.10 -0.10 0.05
1 195.816 3.85 0.00 0.00 0.00
2 197.816 2.00 0.10 0.10 0.05
3 201.816 4.00 0.10 0.10 0.05
1 203.856 2.04 0.00 0.00 0.00
2 205.856 2.00 0.10 0.10 0.05
3 209.856 4.00 0.10 0.10 0.05
1 211.314 1.46 0.00 0.00 0.00
2 213.314 2.00 -0.10 0.10 0.05
3 217.314 4.00 -0.10 0.10 0.05
1 220.513 3.20 0.00 0.00 0.00
2 222.513 2.00 0.10 -0.10 0.05
3 226.513 4.00 0.10 -0.10 0.05
1 228.389 1.88 0.00 0.00 0.00
2 230.389 2.00 -0.10 0.10 0.05
3 234.389 4.00 -0.10 0.10 0.05
1 236.637 2.25 0.00 0.00 0.00
2 238.637 2.00 -0.10 0.10 0.05
3 242.637 4.00 -0.10 0.10 0.05
1 247.530 4.89 0.00 0.00 0.00
2 249.530 2.00 -0.10 -0.10 0.05
3 253.530 4.00 -0.10 -0.10 0.05
1 255.767 2.24 0.00 0.00 0.00
2 257.767 2.00 -0.10 -0.10 0.05
3 261.767 4.00 -0.10 -0.10 0.05
1 266.552 4.78 0.00 0.00 0.00
2 268.552 2.00 -0.10 0.10 0.05
3 272.552 4.00 -0.10 0.10 0.05
0 275.552 3.00 0.00 0.00 0.00
1 278.194 2.64 0.00 0.00 0.00
2 280.194 2.00 -0.10 -0.10 0.05
3 284.194 4.00 -0.10 -0.10 0.05
1 285.235 1.04 0.00 0.00 0.00
2 287.235 2.00 -0.10 0.10 0.05
3 291.235 4.00 -0.10 0.10 0.05
0 294.235 3.00 0.00 0.00 0.00
1 296.475 2.24 0.00 0.00 0.00
2 298.475 2.00 0.10 0.10 0.05
3 302.475 4.00 0.10 0.10 0.05
1 304.096 1.62 0.00 0.00 0.00
2 306.096 2.00 -0.10 -0.10 0.05
3 310.096 4.00 -0.10 -0.10 0.05
1 315.073 4.98 0.00 0.00 0.00
2 317.073 2.00 -0.10 -0.10 0.05
3 321.073 4.00 -0.10 -0.10 0.05
1 323.874 2.80 0.00 0.00 0.00
2 325.874 2.00 -0.10 -0.10 0.05
3 329.874 4.00 -0.10 -0.10 0.05
1 333.054 3.18 0.00 0.00 0.00
2 335.054 2.00 0.10 0.10 0.05
3 339.054 4.00 0.10 0.10 0.05
0 342.054 3.00 0.00 0.00 0.00
1 344.104 2.05 0.00 0.00 0.00
2 346.104 2.00 0.10 0.10 0.05
3 350.104 4.00 0.10 0.10 0.05
0 353.104 3.00 0.00 0.00 0.00
1 357.634 4.53 0.00 0.00 0.00
2 359.634 2.00 0.10 0.10 0.05
3 363.634 4.00 0.10 0.10 0.05
1 365.046 1.41 0.00 0.00 0.00
2 367.046 2.00 0.10 0.10 0.05
3 371.046 4.00 0.10 0.10 0.05
1 375.340 4.29 0.00 0.00 0.00
2 377.340 2.00 0.10 0.10 0.05
3 381.340 4.00 0.10 0.10 0.05
1 384.049 2.71 0.00 0.00 0.00
2 386.049 2.00 -0.10 -0.10 0.05
3 390.049 4.00 -0.10 -0.10 0.05
1 394.731 4.68 0.00 0.00 0.00
2 396.731 2.00 -0.10 -0.10 0.05
3 400.731 4.00 -0.10 -0.10 0.05
1 403.843 3.11 0.00 0.00 0.00
2 405.843 2.00 0.10 -0.10 0.05
3 409.843 4.00 0.10 -0.10 0.05
1 414.326 4.48 0.00 0.00 0.00
2 416.326 2.00 0.10 -0.10 0.05
3 420.326 4.00 0.10 -0.10 0.05
1 422.737 2.41 0.00 0.00 0.00
2 424.737 2.00 -0.10 -0.10 0.05
3 428.737 4.00 -0.10 -0.10 0.05
1 431.338 2.60 0.00 0.00 0.00
2 433.338 2.00 0.10 -0.10 0.05
3 437.338 4.00 0.10 -0.10 0.05
1 440.729 3.39 0.00 0.00 0.00
2 442.729 2.00 0.10 -0.10 0.05
3 446.729 4.00 0.10 -0.10 0.05
1 451.376 4.65 0.00 0.00 0.00
2 453.376 2.00 0.10 0.10 0.05
3 457.376 4.00 0.10 0.10 0.05
1 458.907 1.53 0.00 0.00 0.00
2 460.907 2.00 -0.10 0.10 0.05
3 464.907 4.00 -0.10 0.10 0.05
0 467.907 3.00 0.00 0.00 0.00
1 469.076 1.17 0.00 0.00 0.00
2 471.076 2.00 0.10 -0.10 0.05
3 475.076 4.00 0.10 -0.10 0.05
1 477.680 2.60 0.00 0.00 0.00
2 479.680 2.00 -0.10 0.10 0.05
3 483.680 4.00 -0.10 0.10 0.05
1 487.063 3.38 0.00 0.00 0.00
2 489.063 2.00 -0.10 -0.10 0.05
3 493.063 4.00 -0.10 -0.10 0.05
1 497.742 4.68 0.00 0.00 0.00
2 499.742 2.00 -0.10 0.10 0.05
3 503.742 4.00 -0.10 0.10 0.05
1 505.917 2.18 0.00 0.00 0.00
2 507.917 2.00 -0.10 -0.10 0.05
3 511.917 4.00 -0.10 -0.10 0.05
1 515.097 3.18 0.00 0.00 0.00
2 517.097 2.00 -0.10 0.10 0.05
3 521.097 4.00 -0.10 0.10 0.05
1 525.224 4.13 0.00 0.00 0.00
2 527.224 2.00 -0.10 0.10 0.05
3 531.224 4.00 -0.10 0.10 0.05
1 533.533 2.31 0.00 0.00 0.00
2 535.533 2.00 -0.10 -0.10 0.05
3 539.533 4.00 -0.10 -0.10 0.05
1 540.914 1.38 0.00 0.00 0.00
2 542.914 2.00 0.10 0.10 0.05
3 546.914 4.00 0.10 0.10 0.05
1 549.681 2.77 0.00 0.00 0.00
2 551.681 2.00 -0.10 0.10 0.05
3 555.681 4.00 -0.10 0.10 0.05
1 556.798 1.12 0.00 0.00 0.00
2 558.798 2.00 -0.10 0.10 0.05
3 562.798 4.00 -0.10 0.10 0.05
1 566.499 3.70 0.00 0.00 0.00
2 568.499 2.00 -0.10 0.10 0.05
3 572.499 4.00 -0.10 0.10 0.05
1 573.945 1.45 0.00 0.00 0.00
2 575.945 2.00 0.10 -0.10 0.05
3 579.945 4.00 0.10 -0.10 0.05
1 581.744 1.80 0.00 0.00 0.00
2 583.744 2.00 -0.10 -0.10 0.05
3 587.744 4.00 -0.10 -0.10 0.05
1 590.865 3.12 0.00 0.00 0.00
2 592.865 2.00 0.10 -0.10 0.05
3 596.865 4.00 0.10 -0.10 0.05
1 600.374 3.51 0.00 0.00 0.00
2 602.374 2.00 0.10 0.10 0.05
3 606.374 4.00 0.10 0.10 0.05
1 608.868 2.49 0.00 0.00 0.00
2 610.868 2.00 0.10 -0.10 0.05
3 614.868 4.00 0.10 -0.10 0.05
1 618.294 3.43 0.00 0.00 0.00
2 620.294 2.00 -0.10 -0.10 0.05
3 624.294 4.00 -0.10 -0.10 0.05
1 628.680 4.39 0.00 0.00 0.00
2 630.680 2.00 -0.10 -0.10 0.05
3 634.680 4.00 -0.10 -0.10 0.05
1 638.488 3.81 0.00 0.00 0.00
2 640.488 2.00 0.10 -0.10 0.05
3 644.488 4.00 0.10 -0.10 0.05
1 647.059 2.57 0.00 0.00 0.00
2 649.059 2.00 -0.10 0.10 0.05
3 653.059 4.00 -0.10 0.10 0.05
0 656.059 3.00 0.00 0.00 0.00
0 659.059 3.00 0.00 0.00 0.00
1 662.347 3.29 0.00 0.00 0.00
2 664.347 2.00 0.10 0.10 0.05
3 668.347 4.00 0.10 0.10 0.05
1 670.346 2.00 0.00 0.00 0.00
2 672.346 2.00 -0.10 0.10 0.05
3 676.346 4.00 -0.10 0.10 0.05
1 680.255 3.91 0.00 0.00 0.00
2 682.255 2.00 -0.10 -0.10 0.05
3 686.255 4.00 -0.10 -0.10 0.05
1 688.628 2.37 0.00 0.00 0.00
2 690.628 2.00 -0.10 -0.10 0.05
3 694.628 4.00 -0.10 -0.10 0.05
1 695.943 1.31 0.00 0.00 0.00
2 697.943 2.00 -0.10 0.10 0.05
3 701.943 4.00 -0.10 0.10 0.05
1 704.152 2.21 0.00 0.00 0.00
2 706.152 2.00 0.10 -0.10 0.05
3 710.152 4.00 0.10 -0.10 0.05
1 712.353 2.20 0.00 0.00 0.00
2 714.353 2.00 -0.10 -0.10 0.05
3 718.353 4.00 -0.10 -0.10 0.05
1 719.446 1.09 0.00 0.00 0.00
2 721.446 2.00 0.10 -0.10 0.05
3 725.446 4.00 0.10 -0.10 0.05
0 728.446 3.00 0.00 0.00 0.00
1 730.151 1.70 0.00 0.00 0.00
2 732.151 2.00 -0.10 0.10 0.05
3 736.151 4.00 -0.10 0.10 0.05
1 740.594 4.44 0.00 0.00 0.00
2 742.594 2.00 0.10 0.10 0.05
3 746.594 4.00 0.10 0.10 0.05
0 770.000 5.00 0.00 0.00 0.00
