0 8.000 8.00 0.00 0.00 0.00
1 11.000 3.00 0.00 0.00 0.00
2 13.000 2.00 0.10 -0.10 0.05
3 16.000 3.00 0.10 -0.10 0.05
1 20.000 4.00 0.00 0.00 0.00
2 21.000 1.00 0.10 0.10 0.05
3 24.000 3.00 0.10 0.10 0.05
1 27.000 3.00 0.00 0.00 0.00
2 29.000 2.00 0.10 -0.10 0.05
3 32.000 3.00 0.10 -0.10 0.05
1 36.000 4.00 0.00 0.00 0.00
2 37.000 1.00 0.10 0.10 0.05
3 40.000 3.00 0.10 0.10 0.05
1 42.000 2.00 0.00 0.00 0.00
2 43.000 1.00 -0.10 -0.10 0.05
3 46.000 3.00 -0.10 -0.10 0.05
1 50.000 4.00 0.00 0.00 0.00
2 53.000 3.00 0.10 -0.10 0.05
3 56.000 3.00 0.10 -0.10 0.05
1 59.000 3.00 0.00 0.00 0.00
2 62.000 3.00 0.10 0.10 0.05
3 65.000 3.00 0.10 0.10 0.05
1 67.000 2.00 0.00 0.00 0.00
2 68.000 1.00 -0.10 0.10 0.05
3 71.000 3.00 -0.10 0.10 0.05
1 74.000 3.00 0.00 0.00 0.00
2 76.000 2.00 0.10 -0.10 0.05
3 79.000 3.00 0.10 -0.10 0.05
1 82.000 3.00 0.00 0.00 0.00
2 84.000 2.00 -0.10 -0.10 0.05
3 87.000 3.00 -0.10 -0.10 0.05
1 89.000 2.00 0.00 0.00 0.00
2 90.000 1.00 -0.10 0.10 0.05
3 93.000 3.00 -0.10 0.10 0.05
1 95.000 2.00 0.00 0.00 0.00
2 96.000 1.00 0.10 0.10 0.05
3 99.000 3.00 0.10 0.10 0.05
1 103.000 4.00 0.00 0.00 0.00
2 105.000 2.00 0.10 0.10 0.05
3 108.000 3.00 0.10 0.10 0.05
1 110.000 2.00 0.00 0.00 0.00
2 113.000 3.00 0.10 0.10 0.05
3 116.000 3.00 0.10 0.10 0.05
0 119.000 3.00 0.00 0.00 0.00
1 121.000 2.00 0.00 0.00 0.00
2 124.000 3.00 -0.10 0.10 0.05
3 127.000 3.00 -0.10 0.10 0.05
1 130.000 3.00 0.00 0.00 0.00
2 132.000 2.00 0.10 -0.10 0.05
3 135.000 3.00 0.10 -0.10 0.05
1 137.000 2.00 0.00 0.00 0.00
2 140.000 3.00 0.10 -0.10 0.05
3 143.000 3.00 0.10 -0.10 0.05
1 146.000 3.00 0.00 0.00 0.00
2 148.000 2.00 -0.10 -0.10 0.05
3 151.000 3.00 -0.10 -0.10 0.05
0 154.000 3.00 0.00 0.00 0.00
1 157.000 3.00 0.00 0.00 0.00
2 160.000 3.00 0.10 0.10 0.05
3 163.000 3.00 0.10 0.10 0.05
1 165.000 2.00 0.00 0.00 0.00
2 167.000 2.00 -0.10 -0.10 0.05
3 170.000 3.00 -0.10 -0.10 0.05
1 174.000 4.00 0.00 0.00 0.00
2 176.000 2.00 0.10 -0.10 0.05
3 179.000 3.00 0.10 -0.10 0.05
1 182.000 3.00 0.00 0.00 0.00
2 183.000 1.00 -0.10 -0.10 0.05
3 186.000 3.00 -0.10 -0.10 0.05
1 189.000 3.00 0.00 0.00 0.00
2 190.000 1.00 0.10 0.10 0.05
3 193.000 3.00 0.10 0.10 0.05
1 197.000 4.00 0.00 0.00 0.00
2 200.000 3.00 0.10 0.10 0.05
3 203.000 3.00 0.10 0.10 0.05
1 207.000 4.00 0.00 0.00 0.00
2 209.000 2.00 0.10 -0.10 0.05
3 212.000 3.00 0.10 -0.10 0.05
1 215.000 3.00 0.00 0.00 0.00
2 217.000 2.00 -0.10 0.10 0.05
3 220.000 3.00 -0.10 0.10 0.05
1 224.000 4.00 0.00 0.00 0.00
2 225.000 1.00 -0.10 -0.10 0.05
3 228.000 3.00 -0.10 -0.10 0.05
1 230.000 2.00 0.00 0.00 0.00
2 233.000 3.00 0.10 0.10 0.05
3 236.000 3.00 0.10 0.10 0.05
1 240.000 4.00 0.00 0.00 0.00
2 242.000 2.00 -0.10 0.10 0.05
3 245.000 3.00 -0.10 0.10 0.05
1 249.000 4.00 0.00 0.00 0.00
2 252.000 3.00 -0.10 -0.10 0.05
3 255.000 3.00 -0.10 -0.10 0.05
1 259.000 4.00 0.00 0.00 0.00
2 261.000 2.00 -0.10 0.10 0.05
3 264.000 3.00 -0.10 0.10 0.05
1 267.000 3.00 0.00 0.00 0.00
2 269.000 2.00 -0.10 0.10 0.05
3 272.000 3.00 -0.10 0.10 0.05
1 276.000 4.00 0.00 0.00 0.00
2 278.000 2.00 -0.10 -0.10 0.05
3 281.000 3.00 -0.10 -0.10 0.05
0 284.000 3.00 0.00 0.00 0.00
1 288.000 4.00 0.00 0.00 0.00
2 290.000 2.00 -0.10 -0.10 0.05
3 293.000 3.00 -0.10 -0.10 0.05
0 296.000 3.00 0.00 0.00 0.00
1 299.000 3.00 0.00 0.00 0.00
2 302.000 3.00 0.10 -0.10 0.05
3 305.000 3.00 0.10 -0.10 0.05
0 308.000 3.00 0.00 0.00 0.00
1 311.000 3.00 0.00 0.00 0.00
2 314.000 3.00 0.10 -0.10 0.05
3 317.000 3.00 0.10 -0.10 0.05
1 319.000 2.00 0.00 0.00 0.00
2 321.000 2.00 -0.10 0.10 0.05
3 324.000 3.00 -0.10 0.10 0.05
1 326.000 2.00 0.00 0.00 0.00
2 328.000 2.00 -0.10 -0.10 0.05
3 331.000 3.00 -0.10 -0.10 0.05
1 335.000 4.00 0.00 0.00 0.00
2 338.000 3.00 -0.10 0.10 0.05
3 341.000 3.00 -0.10 0.10 0.05
1 344.000 3.00 0.00 0.00 0.00
2 347.000 3.00 -0.10 0.10 0.05
3 350.000 3.00 -0.10 0.10 0.05
0 354.000 4.00 0.00 0.00 0.00
