1 8.000 8.000 0.000 0.000 0.000
1 10.000 2.000 0.000 0.000 0.000
2 11.000 1.000 -0.082 0.085 0.072
3 13.000 2.000 -0.082 0.085 0.072
1 15.000 2.000 0.000 0.000 0.000
2 16.000 1.000 0.082 0.085 0.028
3 18.000 2.000 0.082 0.085 0.028
1 20.000 2.000 0.000 0.000 0.000
2 21.000 1.000 0.082 0.085 0.028
1 24.000 3.000 0.000 0.000 0.000
2 26.000 2.000 0.081 -0.085 0.076
3 28.000 2.000 0.081 -0.085 0.076
1 30.000 2.000 0.000 0.000 0.000
2 32.000 2.000 -0.000 -0.120 0.050
1 35.000 3.000 0.000 0.000 0.000
2 37.000 2.000 -0.082 -0.085 0.072
1 39.000 2.000 0.000 0.000 0.000
2 40.000 1.000 0.114 0.000 0.087
1 42.000 2.000 0.000 0.000 0.000
2 43.000 1.000 -0.114 0.000 0.013
1 45.000 2.000 0.000 0.000 0.000
2 46.000 1.000 -0.116 0.000 0.081
3 48.000 2.000 -0.116 0.000 0.081
1 50.000 2.000 0.000 0.000 0.000
2 51.000 1.000 0.000 0.120 0.050
3 54.000 3.000 0.000 0.120 0.050
1 56.000 2.000 0.000 0.000 0.000
2 57.000 1.000 -0.081 0.085 0.024
3 59.000 2.000 -0.081 0.085 0.024
1 61.000 2.000 0.000 0.000 0.000
2 63.000 2.000 0.081 -0.085 0.076
1 66.000 3.000 0.000 0.000 0.000
2 68.000 2.000 -0.081 0.085 0.024
3 70.000 2.000 -0.081 0.085 0.024
1 73.000 3.000 0.000 0.000 0.000
2 74.000 1.000 0.116 0.000 0.019
1 77.000 3.000 0.000 0.000 0.000
2 78.000 1.000 0.082 0.085 0.028
3 81.000 3.000 0.082 0.085 0.028
1 83.000 2.000 0.000 0.000 0.000
2 85.000 2.000 0.081 0.085 0.076
3 87.000 2.000 0.081 0.085 0.076
1 89.000 2.000 0.000 0.000 0.000
2 90.000 1.000 -0.000 -0.120 0.050
3 93.000 3.000 -0.000 -0.120 0.050
1 95.000 2.000 0.000 0.000 0.000
2 97.000 2.000 0.000 0.120 0.050
3 99.000 2.000 0.000 0.120 0.050
1 102.000 3.000 0.000 0.000 0.000
2 103.000 1.000 0.081 0.085 0.076
1 105.000 2.000 0.000 0.000 0.000
2 106.000 1.000 0.082 0.085 0.028
1 108.000 2.000 0.000 0.000 0.000
2 109.000 1.000 -0.081 0.085 0.024
1 112.000 3.000 0.000 0.000 0.000
2 113.000 1.000 0.114 0.000 0.087
1 115.000 2.000 0.000 0.000 0.000
2 116.000 1.000 -0.081 -0.085 0.024
1 119.000 3.000 0.000 0.000 0.000
2 121.000 2.000 0.000 0.120 0.050
1 123.000 2.000 0.000 0.000 0.000
2 124.000 1.000 -0.116 0.000 0.081
1 126.000 2.000 0.000 0.000 0.000
2 127.000 1.000 0.116 0.000 0.019
1 129.000 2.000 0.000 0.000 0.000
2 131.000 2.000 0.000 0.120 0.050
3 133.000 2.000 0.000 0.120 0.050
1 136.000 3.000 0.000 0.000 0.000
2 138.000 2.000 0.082 0.085 0.028
1 141.000 3.000 0.000 0.000 0.000
2 142.000 1.000 0.082 -0.085 0.028
3 144.000 2.000 0.082 -0.085 0.028
1 147.000 3.000 0.000 0.000 0.000
2 149.000 2.000 0.081 -0.085 0.076
3 151.000 2.000 0.081 -0.085 0.076
1 153.000 2.000 0.000 0.000 0.000
2 154.000 1.000 -0.000 -0.120 0.050
1 156.000 2.000 0.000 0.000 0.000
2 157.000 1.000 0.000 0.120 0.050
1 159.000 2.000 0.000 0.000 0.000
2 160.000 1.000 0.081 0.085 0.076
1 162.000 2.000 0.000 0.000 0.000
2 164.000 2.000 -0.114 0.000 0.013
1 167.000 3.000 0.000 0.000 0.000
2 168.000 1.000 -0.114 0.000 0.013
1 170.000 2.000 0.000 0.000 0.000
2 171.000 1.000 0.081 -0.085 0.076
1 173.000 2.000 0.000 0.000 0.000
2 174.000 1.000 0.081 0.085 0.076
3 176.000 2.000 0.081 0.085 0.076
1 178.000 2.000 0.000 0.000 0.000
2 180.000 2.000 -0.114 0.000 0.013
3 182.000 2.000 -0.114 0.000 0.013
1 184.000 2.000 0.000 0.000 0.000
2 185.000 1.000 -0.116 0.000 0.081
3 188.000 3.000 -0.116 0.000 0.081
1 191.000 3.000 0.000 0.000 0.000
2 193.000 2.000 0.114 0.000 0.087
3 195.000 2.000 0.114 0.000 0.087
1 197.000 2.000 0.000 0.000 0.000
2 198.000 1.000 -0.116 0.000 0.081
3 200.000 2.000 -0.116 0.000 0.081
1 202.000 2.000 0.000 0.000 0.000
2 203.000 1.000 -0.082 -0.085 0.072
3 206.000 3.000 -0.082 -0.085 0.072
1 208.000 2.000 0.000 0.000 0.000
2 209.000 1.000 0.082 -0.085 0.028
3 211.000 2.000 0.082 -0.085 0.028
1 214.000 3.000 0.000 0.000 0.000
2 216.000 2.000 0.081 -0.085 0.076
1 219.000 3.000 0.000 0.000 0.000
2 221.000 2.000 0.082 -0.085 0.028
3 223.000 2.000 0.082 -0.085 0.028
1 225.000 2.000 0.000 0.000 0.000
2 226.000 1.000 -0.081 0.085 0.024
3 228.000 2.000 -0.081 0.085 0.024
1 230.000 2.000 0.000 0.000 0.000
2 231.000 1.000 -0.116 0.000 0.081
1 234.000 3.000 0.000 0.000 0.000
2 235.000 1.000 -0.000 -0.120 0.050
3 238.000 3.000 -0.000 -0.120 0.050
1 240.000 2.000 0.000 0.000 0.000
2 241.000 1.000 -0.082 -0.085 0.072
3 243.000 2.000 -0.082 -0.085 0.072
1 245.000 2.000 0.000 0.000 0.000
2 246.000 1.000 0.082 -0.085 0.028
1 249.000 3.000 0.000 0.000 0.000
2 250.000 1.000 -0.082 -0.085 0.072
3 252.000 2.000 -0.082 -0.085 0.072
1 254.000 2.000 0.000 0.000 0.000
2 255.000 1.000 -0.081 -0.085 0.024
3 257.000 2.000 -0.081 -0.085 0.024
1 259.000 2.000 0.000 0.000 0.000
2 261.000 2.000 -0.082 0.085 0.072
3 263.000 2.000 -0.082 0.085 0.072
1 266.000 3.000 0.000 0.000 0.000
2 267.000 1.000 0.082 -0.085 0.028
1 269.000 2.000 0.000 0.000 0.000
2 270.000 1.000 0.116 0.000 0.019
1 272.000 2.000 0.000 0.000 0.000
2 273.000 1.000 -0.116 0.000 0.081
0 276.000 3.000 0.000 0.000 0.000
1 278.000 2.000 0.000 0.000 0.000
2 280.000 2.000 -0.114 0.000 0.013
3 282.000 2.000 -0.114 0.000 0.013
1 285.000 3.000 0.000 0.000 0.000
2 287.000 2.000 -0.082 0.085 0.072
3 289.000 2.000 -0.082 0.085 0.072
1 291.000 2.000 0.000 0.000 0.000
2 292.000 1.000 -0.082 -0.085 0.072
1 294.000 2.000 0.000 0.000 0.000
2 295.000 1.000 0.114 0.000 0.087
3 298.000 3.000 0.114 0.000 0.087
1 300.000 2.000 0.000 0.000 0.000
2 301.000 1.000 -0.082 0.085 0.072
1 303.000 2.000 0.000 0.000 0.000
2 304.000 1.000 -0.081 0.085 0.024
1 306.000 2.000 0.000 0.000 0.000
2 308.000 2.000 0.114 0.000 0.087
1 310.000 2.000 0.000 0.000 0.000
2 312.000 2.000 -0.082 0.085 0.072
0 315.000 3.000 0.000 0.000 0.000
1 317.000 2.000 0.000 0.000 0.000
2 318.000 1.000 0.081 -0.085 0.076
3 320.000 2.000 0.081 -0.085 0.076
0 323.000 3.000 0.000 0.000 0.000
1 325.000 2.000 0.000 0.000 0.000
2 326.000 1.000 0.081 0.085 0.076
1 328.000 2.000 0.000 0.000 0.000
2 329.000 1.000 0.082 0.085 0.028
3 331.000 2.000 0.082 0.085 0.028
1 333.000 2.000 0.000 0.000 0.000
2 335.000 2.000 0.081 0.085 0.076
3 337.000 2.000 0.081 0.085 0.076
1 340.000 3.000 0.000 0.000 0.000
2 341.000 1.000 -0.081 -0.085 0.024
1 343.000 2.000 0.000 0.000 0.000
2 345.000 2.000 -0.114 0.000 0.013
3 347.000 2.000 -0.114 0.000 0.013
1 350.000 3.000 0.000 0.000 0.000
2 351.000 1.000 -0.081 -0.085 0.024
3 353.000 2.000 -0.081 -0.085 0.024
1 356.000 3.000 0.000 0.000 0.000
2 357.000 1.000 0.114 0.000 0.087
3 360.000 3.000 0.114 0.000 0.087
1 362.000 2.000 0.000 0.000 0.000
2 363.000 1.000 -0.000 -0.120 0.050
3 365.000 2.000 -0.000 -0.120 0.050
1 367.000 2.000 0.000 0.000 0.000
2 369.000 2.000 0.082 -0.085 0.028
1 371.000 2.000 0.000 0.000 0.000
2 372.000 1.000 0.000 0.120 0.050
1 374.000 2.000 0.000 0.000 0.000
2 375.000 1.000 -0.000 -0.120 0.050
1 377.000 2.000 0.000 0.000 0.000
2 379.000 2.000 -0.082 0.085 0.072
1 381.000 2.000 0.000 0.000 0.000
2 383.000 2.000 -0.081 -0.085 0.024
3 385.000 2.000 -0.081 -0.085 0.024
1 388.000 3.000 0.000 0.000 0.000
2 389.000 1.000 -0.082 -0.085 0.072
1 391.000 2.000 0.000 0.000 0.000
2 392.000 1.000 -0.081 0.085 0.024
1 394.000 2.000 0.000 0.000 0.000
2 395.000 1.000 -0.081 -0.085 0.024
1 399.000 4.000 0.000 0.000 0.000
