0 8.000 8.00 0.00 0.00 0.00
1 10.000 2.00 0.00 0.00 0.00
2 11.000 1.00 -0.15 0.00 0.10
3 14.000 3.00 -0.15 0.00 0.10
1 16.000 2.00 0.00 0.00 0.00
2 17.000 1.00 0.11 0.11 0.10
3 19.000 2.00 0.11 0.11 0.10
0 22.000 3.00 0.00 0.00 0.00
1 23.000 1.00 0.00 0.00 0.00
2 24.000 1.00 0.11 -0.11 0.10
3 26.000 2.00 0.11 -0.11 0.10
1 27.000 1.00 0.00 0.00 0.00
2 28.000 1.00 -0.15 0.00 0.10
3 30.000 2.00 -0.15 0.00 0.10
1 31.000 1.00 0.00 0.00 0.00
2 32.000 1.00 0.11 0.11 0.10
3 34.000 2.00 0.11 0.11 0.10
1 35.000 1.00 0.00 0.00 0.00
2 37.000 2.00 0.15 0.00 0.10
3 39.000 2.00 0.15 0.00 0.10
1 41.000 2.00 0.00 0.00 0.00
2 43.000 2.00 -0.11 -0.11 0.10
3 45.000 2.00 -0.11 -0.11 0.10
1 47.000 2.00 0.00 0.00 0.00
2 48.000 1.00 -0.11 0.11 0.10
3 51.000 3.00 -0.11 0.11 0.10
1 53.000 2.00 0.00 0.00 0.00
2 55.000 2.00 -0.00 -0.15 0.10
3 57.000 2.00 -0.00 -0.15 0.10
0 60.000 3.00 0.00 0.00 0.00
1 62.000 2.00 0.00 0.00 0.00
2 64.000 2.00 0.15 0.00 0.10
3 66.000 2.00 0.15 0.00 0.10
1 67.000 1.00 0.00 0.00 0.00
2 68.000 1.00 0.00 0.15 0.10
3 70.000 2.00 0.00 0.15 0.10
1 72.000 2.00 0.00 0.00 0.00
2 73.000 1.00 0.11 -0.11 0.10
3 76.000 3.00 0.11 -0.11 0.10
1 78.000 2.00 0.00 0.00 0.00
2 80.000 2.00 -0.00 -0.15 0.10
3 82.000 2.00 -0.00 -0.15 0.10
1 83.000 1.00 0.00 0.00 0.00
2 85.000 2.00 -0.15 0.00 0.10
3 88.000 3.00 -0.15 0.00 0.10
1 89.000 1.00 0.00 0.00 0.00
2 90.000 1.00 0.11 0.11 0.10
3 93.000 3.00 0.11 0.11 0.10
1 95.000 2.00 0.00 0.00 0.00
2 97.000 2.00 -0.11 0.11 0.10
3 99.000 2.00 -0.11 0.11 0.10
1 101.000 2.00 0.00 0.00 0.00
2 103.000 2.00 -0.15 0.00 0.10
3 105.000 2.00 -0.15 0.00 0.10
1 106.000 1.00 0.00 0.00 0.00
2 107.000 1.00 0.11 0.11 0.10
3 109.000 2.00 0.11 0.11 0.10
1 110.000 1.00 0.00 0.00 0.00
2 112.000 2.00 -0.11 0.11 0.10
3 114.000 2.00 -0.11 0.11 0.10
1 115.000 1.00 0.00 0.00 0.00
2 117.000 2.00 0.00 0.15 0.10
3 120.000 3.00 0.00 0.15 0.10
1 122.000 2.00 0.00 0.00 0.00
2 124.000 2.00 -0.00 -0.15 0.10
3 126.000 2.00 -0.00 -0.15 0.10
1 128.000 2.00 0.00 0.00 0.00
2 130.000 2.00 0.11 0.11 0.10
3 132.000 2.00 0.11 0.11 0.10
1 133.000 1.00 0.00 0.00 0.00
2 134.000 1.00 0.11 -0.11 0.10
3 136.000 2.00 0.11 -0.11 0.10
1 138.000 2.00 0.00 0.00 0.00
2 140.000 2.00 0.00 0.15 0.10
3 143.000 3.00 0.00 0.15 0.10
1 144.000 1.00 0.00 0.00 0.00
2 146.000 2.00 -0.00 -0.15 0.10
3 149.000 3.00 -0.00 -0.15 0.10
1 151.000 2.00 0.00 0.00 0.00
2 153.000 2.00 0.15 0.00 0.10
3 155.000 2.00 0.15 0.00 0.10
0 158.000 3.00 0.00 0.00 0.00
1 159.000 1.00 0.00 0.00 0.00
2 161.000 2.00 -0.00 -0.15 0.10
3 163.000 2.00 -0.00 -0.15 0.10
1 165.000 2.00 0.00 0.00 0.00
2 167.000 2.00 0.15 0.00 0.10
3 170.000 3.00 0.15 0.00 0.10
1 171.000 1.00 0.00 0.00 0.00
2 172.000 1.00 0.11 -0.11 0.10
3 175.000 3.00 0.11 -0.11 0.10
1 176.000 1.00 0.00 0.00 0.00
2 178.000 2.00 0.00 0.15 0.10
3 180.000 2.00 0.00 0.15 0.10
1 182.000 2.00 0.00 0.00 0.00
2 183.000 1.00 -0.11 -0.11 0.10
3 185.000 2.00 -0.11 -0.11 0.10
1 186.000 1.00 0.00 0.00 0.00
2 187.000 1.00 -0.11 -0.11 0.10
3 189.000 2.00 -0.11 -0.11 0.10
0 192.000 3.00 0.00 0.00 0.00
1 193.000 1.00 0.00 0.00 0.00
2 194.000 1.00 -0.11 0.11 0.10
3 197.000 3.00 -0.11 0.11 0.10
1 199.000 2.00 0.00 0.00 0.00
2 200.000 1.00 -0.11 -0.11 0.10
3 202.000 2.00 -0.11 -0.11 0.10
1 203.000 1.00 0.00 0.00 0.00
2 204.000 1.00 0.00 0.15 0.10
3 206.000 2.00 0.00 0.15 0.10
1 208.000 2.00 0.00 0.00 0.00
2 210.000 2.00 -0.15 0.00 0.10
3 213.000 3.00 -0.15 0.00 0.10
0 216.000 3.00 0.00 0.00 0.00
1 217.000 1.00 0.00 0.00 0.00
2 219.000 2.00 -0.11 -0.11 0.10
3 222.000 3.00 -0.11 -0.11 0.10
1 223.000 1.00 0.00 0.00 0.00
2 224.000 1.00 0.15 0.00 0.10
3 226.000 2.00 0.15 0.00 0.10
1 227.000 1.00 0.00 0.00 0.00
2 229.000 2.00 0.11 -0.11 0.10
3 231.000 2.00 0.11 -0.11 0.10
1 232.000 1.00 0.00 0.00 0.00
2 234.000 2.00 -0.11 0.11 0.10
3 237.000 3.00 -0.11 0.11 0.10
0 241.000 4.00 0.00 0.00 0.00
