0 8.000 8.00 0.00 0.00 0.00
0 11.000 3.00 0.00 0.00 0.00
1 13.000 2.00 0.00 0.00 0.00
2 16.000 3.00 -0.10 -0.10 0.05
3 19.000 3.00 -0.10 -0.10 0.05
1 21.000 2.00 0.00 0.00 0.00
2 23.000 2.00 0.10 0.10 0.05
3 26.000 3.00 0.10 0.10 0.05
1 29.000 3.00 0.00 0.00 0.00
2 30.000 1.00 0.10 0.10 0.05
3 33.000 3.00 0.10 0.10 0.05
1 35.000 2.00 0.00 0.00 0.00
2 38.000 3.00 -0.10 0.10 0.05
3 41.000 3.00 -0.10 0.10 0.05
1 45.000 4.00 0.00 0.00 0.00
2 47.000 2.00 0.10 -0.10 0.05
3 50.000 3.00 0.10 -0.10 0.05
1 54.000 4.00 0.00 0.00 0.00
2 57.000 3.00 0.10 0.10 0.05
3 60.000 3.00 0.10 0.10 0.05
1 63.000 3.00 0.00 0.00 0.00
2 64.000 1.00 -0.10 0.10 0.05
3 67.000 3.00 -0.10 0.10 0.05
1 69.000 2.00 0.00 0.00 0.00
2 70.000 1.00 0.10 -0.10 0.05
3 73.000 3.00 0.10 -0.10 0.05
0 76.000 3.00 0.00 0.00 0.00
1 80.000 4.00 0.00 0.00 0.00
2 82.000 2.00 0.10 -0.10 0.05
3 85.000 3.00 0.10 -0.10 0.05
1 89.000 4.00 0.00 0.00 0.00
2 90.000 1.00 0.10 -0.10 0.05
3 93.000 3.00 0.10 -0.10 0.05
1 96.000 3.00 0.00 0.00 0.00
2 98.000 2.00 0.10 0.10 0.05
3 101.000 3.00 0.10 0.10 0.05
0 104.000 3.00 0.00 0.00 0.00
1 106.000 2.00 0.00 0.00 0.00
2 107.000 1.00 0.10 -0.10 0.05
3 110.000 3.00 0.10 -0.10 0.05
1 112.000 2.00 0.00 0.00 0.00
2 115.000 3.00 0.10 0.10 0.05
3 118.000 3.00 0.10 0.10 0.05
0 121.000 3.00 0.00 0.00 0.00
1 125.000 4.00 0.00 0.00 0.00
2 128.000 3.00 0.10 0.10 0.05
3 131.000 3.00 0.10 0.10 0.05
1 133.000 2.00 0.00 0.00 0.00
2 136.000 3.00 0.10 -0.10 0.05
3 139.000 3.00 0.10 -0.10 0.05
1 141.000 2.00 0.00 0.00 0.00
2 143.000 2.00 -0.10 -0.10 0.05
3 146.000 3.00 -0.10 -0.10 0.05
0 149.000 3.00 0.00 0.00 0.00
1 153.000 4.00 0.00 0.00 0.00
2 156.000 3.00 -0.10 -0.10 0.05
3 159.000 3.00 -0.10 -0.10 0.05
1 162.000 3.00 0.00 0.00 0.00
2 163.000 1.00 0.10 -0.10 0.05
3 166.000 3.00 0.10 -0.10 0.05
1 170.000 4.00 0.00 0.00 0.00
2 171.000 1.00 -0.10 0.10 0.05
3 174.000 3.00 -0.10 0.10 0.05
1 176.000 2.00 0.00 0.00 0.00
2 177.000 1.00 -0.10 -0.10 0.05
3 180.000 3.00 -0.10 -0.10 0.05
1 183.000 3.00 0.00 0.00 0.00
2 184.000 1.00 -0.10 0.10 0.05
3 187.000 3.00 -0.10 0.10 0.05
1 191.000 4.00 0.00 0.00 0.00
2 192.000 1.00 -0.10 0.10 0.05
3 195.000 3.00 -0.10 0.10 0.05
1 199.000 4.00 0.00 0.00 0.00
2 200.000 1.00 -0.10 0.10 0.05
3 203.000 3.00 -0.10 0.10 0.05
1 205.000 2.00 0.00 0.00 0.00
2 206.000 1.00 0.10 -0.10 0.05
3 209.000 3.00 0.10 -0.10 0.05
1 213.000 4.00 0.00 0.00 0.00
2 216.000 3.00 -0.10 -0.10 0.05
3 219.000 3.00 -0.10 -0.10 0.05
1 223.000 4.00 0.00 0.00 0.00
2 226.000 3.00 -0.10 0.10 0.05
3 229.000 3.00 -0.10 0.10 0.05
1 233.000 4.00 0.00 0.00 0.00
2 236.000 3.00 -0.10 -0.10 0.05
3 239.000 3.00 -0.10 -0.10 0.05
1 243.000 4.00 0.00 0.00 0.00
2 244.000 1.00 -0.10 -0.10 0.05
3 247.000 3.00 -0.10 -0.10 0.05
1 249.000 2.00 0.00 0.00 0.00
2 252.000 3.00 -0.10 0.10 0.05
3 255.000 3.00 -0.10 0.10 0.05
1 258.000 3.00 0.00 0.00 0.00
2 260.000 2.00 0.10 0.10 0.05
3 263.000 3.00 0.10 0.10 0.05
1 267.000 4.00 0.00 0.00 0.00
2 268.000 1.00 0.10 -0.10 0.05
3 271.000 3.00 0.10 -0.10 0.05
1 274.000 3.00 0.00 0.00 0.00
2 275.000 1.00 -0.10 0.10 0.05
3 278.000 3.00 -0.10 0.10 0.05
1 280.000 2.00 0.00 0.00 0.00
2 283.000 3.00 0.10 0.10 0.05
3 286.000 3.00 0.10 0.10 0.05
1 290.000 4.00 0.00 0.00 0.00
2 292.000 2.00 -0.10 -0.10 0.05
3 295.000 3.00 -0.10 -0.10 0.05
1 297.000 2.00 0.00 0.00 0.00
2 300.000 3.00 -0.10 -0.10 0.05
3 303.000 3.00 -0.10 -0.10 0.05
1 307.000 4.00 0.00 0.00 0.00
2 310.000 3.00 0.10 0.10 0.05
3 313.000 3.00 0.10 0.10 0.05
1 317.000 4.00 0.00 0.00 0.00
2 320.000 3.00 -0.10 0.10 0.05
3 323.000 3.00 -0.10 0.10 0.05
1 327.000 4.00 0.00 0.00 0.00
2 329.000 2.00 -0.10 -0.10 0.05
3 332.000 3.00 -0.10 -0.10 0.05
1 335.000 3.00 0.00 0.00 0.00
2 338.000 3.00 0.10 0.10 0.05
3 341.000 3.00 0.10 0.10 0.05
1 344.000 3.00 0.00 0.00 0.00
2 347.000 3.00 0.10 -0.10 0.05
3 350.000 3.00 0.10 -0.10 0.05
0 354.000 4.00 0.00 0.00 0.00
