1 8.000 8.000 0.000 0.000 0.000
1 11.000 3.000 0.000 0.000 0.000
2 12.000 1.000 0.081 0.085 0.076
3 14.000 2.000 0.081 0.085 0.076
1 17.000 3.000 0.000 0.000 0.000
2 18.000 1.000 -0.114 0.000 0.013
1 20.000 2.000 0.000 0.000 0.000
2 21.000 1.000 -0.082 -0.085 0.072
1 23.000 2.000 0.000 0.000 0.000
2 24.000 1.000 0.114 0.000 0.087
3 26.000 2.000 0.114 0.000 0.087
1 29.000 3.000 0.000 0.000 0.000
2 31.000 2.000 0.082 -0.085 0.028
1 33.000 2.000 0.000 0.000 0.000
2 34.000 1.000 0.082 0.085 0.028
3 36.000 2.000 0.082 0.085 0.028
1 38.000 2.000 0.000 0.000 0.000
2 39.000 1.000 -0.082 -0.085 0.072
1 41.000 2.000 0.000 0.000 0.000
2 43.000 2.000 0.082 -0.085 0.028
0 46.000 3.000 0.000 0.000 0.000
1 48.000 2.000 0.000 0.000 0.000
2 49.000 1.000 0.081 -0.085 0.076
3 51.000 2.000 0.081 -0.085 0.076
1 53.000 2.000 0.000 0.000 0.000
2 54.000 1.000 0.082 -0.085 0.028
3 56.000 2.000 0.082 -0.085 0.028
1 58.000 2.000 0.000 0.000 0.000
2 59.000 1.000 -0.114 0.000 0.013
3 61.000 2.000 -0.114 0.000 0.013
1 63.000 2.000 0.000 0.000 0.000
2 64.000 1.000 -0.114 0.000 0.013
1 67.000 3.000 0.000 0.000 0.000
2 68.000 1.000 -0.114 0.000 0.013
1 70.000 2.000 0.000 0.000 0.000
2 71.000 1.000 0.081 -0.085 0.076
1 74.000 3.000 0.000 0.000 0.000
2 75.000 1.000 -0.082 0.085 0.072
1 77.000 2.000 0.000 0.000 0.000
2 79.000 2.000 0.082 0.085 0.028
1 81.000 2.000 0.000 0.000 0.000
2 82.000 1.000 0.114 0.000 0.087
1 85.000 3.000 0.000 0.000 0.000
2 86.000 1.000 -0.114 0.000 0.013
3 88.000 2.000 -0.114 0.000 0.013
1 90.000 2.000 0.000 0.000 0.000
2 92.000 2.000 -0.116 0.000 0.081
3 94.000 2.000 -0.116 0.000 0.081
1 96.000 2.000 0.000 0.000 0.000
2 98.000 2.000 0.116 0.000 0.019
1 100.000 2.000 0.000 0.000 0.000
2 101.000 1.000 -0.081 -0.085 0.024
3 103.000 2.000 -0.081 -0.085 0.024
1 106.000 3.000 0.000 0.000 0.000
2 108.000 2.000 -0.082 -0.085 0.072
3 110.000 2.000 -0.082 -0.085 0.072
1 112.000 2.000 0.000 0.000 0.000
2 113.000 1.000 0.000 0.120 0.050
3 115.000 2.000 0.000 0.120 0.050
1 118.000 3.000 0.000 0.000 0.000
2 120.000 2.000 0.081 0.085 0.076
1 122.000 2.000 0.000 0.000 0.000
2 124.000 2.000 -0.116 0.000 0.081
3 127.000 3.000 -0.116 0.000 0.081
1 129.000 2.000 0.000 0.000 0.000
2 130.000 1.000 -0.081 0.085 0.024
1 133.000 3.000 0.000 0.000 0.000
2 134.000 1.000 0.082 -0.085 0.028
3 137.000 3.000 0.082 -0.085 0.028
1 139.000 2.000 0.000 0.000 0.000
2 140.000 1.000 -0.116 0.000 0.081
1 142.000 2.000 0.000 0.000 0.000
2 143.000 1.000 -0.081 0.085 0.024
1 146.000 3.000 0.000 0.000 0.000
2 147.000 1.000 -0.116 0.000 0.081
1 149.000 2.000 0.000 0.000 0.000
2 151.000 2.000 -0.082 -0.085 0.072
3 153.000 2.000 -0.082 -0.085 0.072
1 155.000 2.000 0.000 0.000 0.000
2 156.000 1.000 0.081 -0.085 0.076
3 159.000 3.000 0.081 -0.085 0.076
1 161.000 2.000 0.000 0.000 0.000
2 162.000 1.000 0.081 -0.085 0.076
1 164.000 2.000 0.000 0.000 0.000
2 165.000 1.000 -0.081 0.085 0.024
3 167.000 2.000 -0.081 0.085 0.024
1 169.000 2.000 0.000 0.000 0.000
2 171.000 2.000 -0.000 -0.120 0.050
3 173.000 2.000 -0.000 -0.120 0.050
1 176.000 3.000 0.000 0.000 0.000
2 177.000 1.000 0.081 0.085 0.076
1 179.000 2.000 0.000 0.000 0.000
2 180.000 1.000 0.116 0.000 0.019
1 183.000 3.000 0.000 0.000 0.000
2 184.000 1.000 -0.000 -0.120 0.050
1 186.000 2.000 0.000 0.000 0.000
2 187.000 1.000 -0.082 0.085 0.072
3 189.000 2.000 -0.082 0.085 0.072
1 192.000 3.000 0.000 0.000 0.000
2 193.000 1.000 -0.081 0.085 0.024
1 196.000 3.000 0.000 0.000 0.000
2 198.000 2.000 -0.081 -0.085 0.024
1 200.000 2.000 0.000 0.000 0.000
2 201.000 1.000 -0.082 -0.085 0.072
1 203.000 2.000 0.000 0.000 0.000
2 204.000 1.000 0.082 0.085 0.028
3 207.000 3.000 0.082 0.085 0.028
1 210.000 3.000 0.000 0.000 0.000
2 212.000 2.000 0.082 0.085 0.028
1 215.000 3.000 0.000 0.000 0.000
2 216.000 1.000 0.000 0.120 0.050
3 219.000 3.000 0.000 0.120 0.050
1 221.000 2.000 0.000 0.000 0.000
2 222.000 1.000 -0.000 -0.120 0.050
3 224.000 2.000 -0.000 -0.120 0.050
1 226.000 2.000 0.000 0.000 0.000
2 228.000 2.000 0.000 0.120 0.050
1 230.000 2.000 0.000 0.000 0.000
2 231.000 1.000 -0.081 -0.085 0.024
3 233.000 2.000 -0.081 -0.085 0.024
0 236.000 3.000 0.000 0.000 0.000
1 239.000 3.000 0.000 0.000 0.000
2 240.000 1.000 0.081 -0.085 0.076
1 242.000 2.000 0.000 0.000 0.000
2 243.000 1.000 0.000 0.120 0.050
3 245.000 2.000 0.000 0.120 0.050
1 247.000 2.000 0.000 0.000 0.000
2 248.000 1.000 -0.082 0.085 0.072
1 250.000 2.000 0.000 0.000 0.000
2 251.000 1.000 -0.081 -0.085 0.024
1 253.000 2.000 0.000 0.000 0.000
2 254.000 1.000 -0.082 0.085 0.072
1 256.000 2.000 0.000 0.000 0.000
2 257.000 1.000 -0.000 -0.120 0.050
1 260.000 3.000 0.000 0.000 0.000
2 261.000 1.000 -0.082 0.085 0.072
3 263.000 2.000 -0.082 0.085 0.072
1 266.000 3.000 0.000 0.000 0.000
2 267.000 1.000 0.116 0.000 0.019
1 269.000 2.000 0.000 0.000 0.000
2 270.000 1.000 -0.082 -0.085 0.072
3 272.000 2.000 -0.082 -0.085 0.072
1 274.000 2.000 0.000 0.000 0.000
2 275.000 1.000 0.081 0.085 0.076
1 277.000 2.000 0.000 0.000 0.000
2 279.000 2.000 0.082 -0.085 0.028
1 281.000 2.000 0.000 0.000 0.000
2 282.000 1.000 0.114 0.000 0.087
3 284.000 2.000 0.114 0.000 0.087
1 286.000 2.000 0.000 0.000 0.000
2 288.000 2.000 0.114 0.000 0.087
1 290.000 2.000 0.000 0.000 0.000
2 291.000 1.000 -0.000 -0.120 0.050
3 294.000 3.000 -0.000 -0.120 0.050
1 296.000 2.000 0.000 0.000 0.000
2 298.000 2.000 0.081 0.085 0.076
3 300.000 2.000 0.081 0.085 0.076
1 302.000 2.000 0.000 0.000 0.000
2 303.000 1.000 0.114 0.000 0.087
3 306.000 3.000 0.114 0.000 0.087
1 308.000 2.000 0.000 0.000 0.000
2 310.000 2.000 0.082 0.085 0.028
1 312.000 2.000 0.000 0.000 0.000
2 313.000 1.000 0.082 0.085 0.028
3 316.000 3.000 0.082 0.085 0.028
1 319.000 3.000 0.000 0.000 0.000
2 320.000 1.000 -0.114 0.000 0.013
3 322.000 2.000 -0.114 0.000 0.013
1 325.000 3.000 0.000 0.000 0.000
2 327.000 2.000 -0.000 -0.120 0.050
1 329.000 2.000 0.000 0.000 0.000
2 330.000 1.000 0.082 -0.085 0.028
3 332.000 2.000 0.082 -0.085 0.028
1 334.000 2.000 0.000 0.000 0.000
2 335.000 1.000 -0.116 0.000 0.081
3 337.000 2.000 -0.116 0.000 0.081
1 340.000 3.000 0.000 0.000 0.000
2 341.000 1.000 -0.081 0.085 0.024
3 344.000 3.000 -0.081 0.085 0.024
1 346.000 2.000 0.000 0.000 0.000
2 347.000 1.000 -0.081 0.085 0.024
3 349.000 2.000 -0.081 0.085 0.024
1 351.000 2.000 0.000 0.000 0.000
2 352.000 1.000 0.000 0.120 0.050
1 354.000 2.000 0.000 0.000 0.000
2 356.000 2.000 -0.081 -0.085 0.024
3 359.000 3.000 -0.081 -0.085 0.024
0 362.000 3.000 0.000 0.000 0.000
1 364.000 2.000 0.000 0.000 0.000
2 365.000 1.000 0.081 -0.085 0.076
3 368.000 3.000 0.081 -0.085 0.076
1 371.000 3.000 0.000 0.000 0.000
2 373.000 2.000 -0.082 0.085 0.072
3 375.000 2.000 -0.082 0.085 0.072
1 377.000 2.000 0.000 0.000 0.000
2 378.000 1.000 0.000 0.120 0.050
1 380.000 2.000 0.000 0.000 0.000
2 381.000 1.000 -0.116 0.000 0.081
1 383.000 2.000 0.000 0.000 0.000
2 385.000 2.000 0.114 0.000 0.087
1 388.000 3.000 0.000 0.000 0.000
2 390.000 2.000 0.081 0.085 0.076
3 393.000 3.000 0.081 0.085 0.076
1 395.000 2.000 0.000 0.000 0.000
2 396.000 1.000 -0.081 -0.085 0.024
1 399.000 3.000 0.000 0.000 0.000
