1 8.000 8.000 0.000 0.000 0.000
1 10.000 2.000 0.000 0.000 0.000
2 12.000 2.000 -0.000 -0.120 0.050
1 14.000 2.000 0.000 0.000 0.000
2 16.000 2.000 -0.082 0.085 0.072
1 19.000 3.000 0.000 0.000 0.000
2 20.000 1.000 -0.116 0.000 0.081
1 22.000 2.000 0.000 0.000 0.000
2 23.000 1.000 0.081 0.085 0.076
1 25.000 2.000 0.000 0.000 0.000
2 26.000 1.000 -0.081 0.085 0.024
1 28.000 2.000 0.000 0.000 0.000
2 30.000 2.000 0.000 0.120 0.050
3 32.000 2.000 0.000 0.120 0.050
1 34.000 2.000 0.000 0.000 0.000
2 35.000 1.000 -0.082 -0.085 0.072
1 37.000 2.000 0.000 0.000 0.000
2 38.000 1.000 -0.000 -0.120 0.050
3 40.000 2.000 -0.000 -0.120 0.050
1 43.000 3.000 0.000 0.000 0.000
2 44.000 1.000 0.000 0.120 0.050
3 46.000 2.000 0.000 0.120 0.050
1 48.000 2.000 0.000 0.000 0.000
2 49.000 1.000 -0.081 -0.085 0.024
1 52.000 3.000 0.000 0.000 0.000
2 53.000 1.000 0.114 0.000 0.087
1 55.000 2.000 0.000 0.000 0.000
2 56.000 1.000 0.114 0.000 0.087
1 58.000 2.000 0.000 0.000 0.000
2 59.000 1.000 -0.081 0.085 0.024
3 61.000 2.000 -0.081 0.085 0.024
1 64.000 3.000 0.000 0.000 0.000
2 66.000 2.000 0.081 -0.085 0.076
1 68.000 2.000 0.000 0.000 0.000
2 69.000 1.000 0.082 -0.085 0.028
1 71.000 2.000 0.000 0.000 0.000
2 72.000 1.000 -0.000 -0.120 0.050
1 74.000 2.000 0.000 0.000 0.000
2 76.000 2.000 0.081 0.085 0.076
3 78.000 2.000 0.081 0.085 0.076
1 80.000 2.000 0.000 0.000 0.000
2 81.000 1.000 -0.114 0.000 0.013
1 83.000 2.000 0.000 0.000 0.000
2 85.000 2.000 -0.114 0.000 0.013
1 88.000 3.000 0.000 0.000 0.000
2 89.000 1.000 0.082 0.085 0.028
3 91.000 2.000 0.082 0.085 0.028
1 93.000 2.000 0.000 0.000 0.000
2 94.000 1.000 0.082 0.085 0.028
1 97.000 3.000 0.000 0.000 0.000
2 98.000 1.000 0.081 0.085 0.076
1 100.000 2.000 0.000 0.000 0.000
2 101.000 1.000 -0.000 -0.120 0.050
1 103.000 2.000 0.000 0.000 0.000
2 104.000 1.000 0.082 0.085 0.028
1 107.000 3.000 0.000 0.000 0.000
2 108.000 1.000 -0.114 0.000 0.013
1 111.000 3.000 0.000 0.000 0.000
2 112.000 1.000 0.081 0.085 0.076
1 115.000 3.000 0.000 0.000 0.000
2 116.000 1.000 0.116 0.000 0.019
1 118.000 2.000 0.000 0.000 0.000
2 120.000 2.000 -0.116 0.000 0.081
3 122.000 2.000 -0.116 0.000 0.081
1 124.000 2.000 0.000 0.000 0.000
2 126.000 2.000 -0.082 0.085 0.072
1 129.000 3.000 0.000 0.000 0.000
2 130.000 1.000 0.082 -0.085 0.028
3 132.000 2.000 0.082 -0.085 0.028
1 134.000 2.000 0.000 0.000 0.000
2 135.000 1.000 -0.000 -0.120 0.050
3 137.000 2.000 -0.000 -0.120 0.050
1 140.000 3.000 0.000 0.000 0.000
2 141.000 1.000 -0.116 0.000 0.081
3 143.000 2.000 -0.116 0.000 0.081
1 145.000 2.000 0.000 0.000 0.000
2 147.000 2.000 -0.082 0.085 0.072
3 149.000 2.000 -0.082 0.085 0.072
1 151.000 2.000 0.000 0.000 0.000
2 152.000 1.000 0.082 -0.085 0.028
1 154.000 2.000 0.000 0.000 0.000
2 155.000 1.000 0.081 -0.085 0.076
3 157.000 2.000 0.081 -0.085 0.076
1 159.000 2.000 0.000 0.000 0.000
2 160.000 1.000 -0.081 -0.085 0.024
3 162.000 2.000 -0.081 -0.085 0.024
1 164.000 2.000 0.000 0.000 0.000
2 165.000 1.000 -0.114 0.000 0.013
3 167.000 2.000 -0.114 0.000 0.013
1 170.000 3.000 0.000 0.000 0.000
2 172.000 2.000 0.116 0.000 0.019
1 174.000 2.000 0.000 0.000 0.000
2 175.000 1.000 -0.082 0.085 0.072
3 177.000 2.000 -0.082 0.085 0.072
1 179.000 2.000 0.000 0.000 0.000
2 180.000 1.000 0.081 -0.085 0.076
3 183.000 3.000 0.081 -0.085 0.076
1 185.000 2.000 0.000 0.000 0.000
2 187.000 2.000 -0.082 0.085 0.072
3 189.000 2.000 -0.082 0.085 0.072
1 191.000 2.000 0.000 0.000 0.000
2 193.000 2.000 -0.082 -0.085 0.072
3 196.000 3.000 -0.082 -0.085 0.072
0 199.000 3.000 0.000 0.000 0.000
1 201.000 2.000 0.000 0.000 0.000
2 202.000 1.000 0.081 -0.085 0.076
1 204.000 2.000 0.000 0.000 0.000
2 205.000 1.000 0.000 0.120 0.050
3 207.000 2.000 0.000 0.120 0.050
1 210.000 3.000 0.000 0.000 0.000
2 211.000 1.000 -0.082 -0.085 0.072
3 213.000 2.000 -0.082 -0.085 0.072
1 215.000 2.000 0.000 0.000 0.000
2 216.000 1.000 -0.114 0.000 0.013
3 218.000 2.000 -0.114 0.000 0.013
1 220.000 2.000 0.000 0.000 0.000
2 222.000 2.000 -0.082 0.085 0.072
1 224.000 2.000 0.000 0.000 0.000
2 225.000 1.000 -0.000 -0.120 0.050
3 228.000 3.000 -0.000 -0.120 0.050
1 230.000 2.000 0.000 0.000 0.000
2 231.000 1.000 -0.082 -0.085 0.072
3 233.000 2.000 -0.082 -0.085 0.072
1 235.000 2.000 0.000 0.000 0.000
2 237.000 2.000 -0.114 0.000 0.013
3 240.000 3.000 -0.114 0.000 0.013
1 242.000 2.000 0.000 0.000 0.000
2 244.000 2.000 0.000 0.120 0.050
1 247.000 3.000 0.000 0.000 0.000
2 249.000 2.000 0.114 0.000 0.087
3 252.000 3.000 0.114 0.000 0.087
1 254.000 2.000 0.000 0.000 0.000
2 255.000 1.000 -0.082 -0.085 0.072
1 257.000 2.000 0.000 0.000 0.000
2 258.000 1.000 -0.082 -0.085 0.072
1 260.000 2.000 0.000 0.000 0.000
2 262.000 2.000 -0.081 0.085 0.024
3 264.000 2.000 -0.081 0.085 0.024
1 267.000 3.000 0.000 0.000 0.000
2 269.000 2.000 0.082 0.085 0.028
3 271.000 2.000 0.082 0.085 0.028
1 273.000 2.000 0.000 0.000 0.000
2 274.000 1.000 -0.081 0.085 0.024
1 277.000 3.000 0.000 0.000 0.000
2 279.000 2.000 -0.116 0.000 0.081
3 282.000 3.000 -0.116 0.000 0.081
1 284.000 2.000 0.000 0.000 0.000
2 285.000 1.000 -0.116 0.000 0.081
1 288.000 3.000 0.000 0.000 0.000
2 289.000 1.000 -0.081 -0.085 0.024
3 291.000 2.000 -0.081 -0.085 0.024
1 293.000 2.000 0.000 0.000 0.000
2 295.000 2.000 0.116 0.000 0.019
1 298.000 3.000 0.000 0.000 0.000
2 299.000 1.000 -0.081 0.085 0.024
1 301.000 2.000 0.000 0.000 0.000
2 302.000 1.000 0.114 0.000 0.087
1 304.000 2.000 0.000 0.000 0.000
2 305.000 1.000 -0.116 0.000 0.081
1 307.000 2.000 0.000 0.000 0.000
2 308.000 1.000 0.082 -0.085 0.028
1 310.000 2.000 0.000 0.000 0.000
2 311.000 1.000 -0.081 -0.085 0.024
0 314.000 3.000 0.000 0.000 0.000
0 317.000 3.000 0.000 0.000 0.000
1 319.000 2.000 0.000 0.000 0.000
2 321.000 2.000 0.081 -0.085 0.076
1 323.000 2.000 0.000 0.000 0.000
2 325.000 2.000 0.081 -0.085 0.076
3 328.000 3.000 0.081 -0.085 0.076
1 330.000 2.000 0.000 0.000 0.000
2 331.000 1.000 0.000 0.120 0.050
1 334.000 3.000 0.000 0.000 0.000
2 336.000 2.000 0.000 0.120 0.050
1 338.000 2.000 0.000 0.000 0.000
2 340.000 2.000 0.082 -0.085 0.028
3 342.000 2.000 0.082 -0.085 0.028
1 344.000 2.000 0.000 0.000 0.000
2 345.000 1.000 0.082 -0.085 0.028
3 347.000 2.000 0.082 -0.085 0.028
1 350.000 3.000 0.000 0.000 0.000
2 351.000 1.000 0.081 0.085 0.076
3 353.000 2.000 0.081 0.085 0.076
1 355.000 2.000 0.000 0.000 0.000
2 356.000 1.000 0.082 0.085 0.028
1 358.000 2.000 0.000 0.000 0.000
2 359.000 1.000 -0.081 -0.085 0.024
1 361.000 2.000 0.000 0.000 0.000
2 363.000 2.000 -0.081 0.085 0.024
3 365.000 2.000 -0.081 0.085 0.024
1 367.000 2.000 0.000 0.000 0.000
2 369.000 2.000 0.114 0.000 0.087
3 372.000 3.000 0.114 0.000 0.087
1 374.000 2.000 0.000 0.000 0.000
2 375.000 1.000 0.114 0.000 0.087
3 378.000 3.000 0.114 0.000 0.087
1 380.000 2.000 0.000 0.000 0.000
2 381.000 1.000 0.082 0.085 0.028
3 383.000 2.000 0.082 0.085 0.028
1 385.000 2.000 0.000 0.000 0.000
2 386.000 1.000 0.081 0.085 0.076
3 388.000 2.000 0.081 0.085 0.076
1 390.000 2.000 0.000 0.000 0.000
2 392.000 2.000 -0.081 -0.085 0.024
3 395.000 3.000 -0.081 -0.085 0.024
1 399.000 4.000 0.000 0.000 0.000
