1 8.000 8.000 0.000 0.000 0.000
1 10.000 2.000 0.000 0.000 0.000
2 11.000 1.000 0.082 0.085 0.028
1 14.000 3.000 0.000 0.000 0.000
2 16.000 2.000 -0.116 0.000 0.081
1 18.000 2.000 0.000 0.000 0.000
2 19.000 1.000 0.082 -0.085 0.028
1 21.000 2.000 0.000 0.000 0.000
2 22.000 1.000 0.082 -0.085 0.028
3 25.000 3.000 0.082 -0.085 0.028
1 27.000 2.000 0.000 0.000 0.000
2 28.000 1.000 0.081 0.085 0.076
3 30.000 2.000 0.081 0.085 0.076
1 32.000 2.000 0.000 0.000 0.000
2 34.000 2.000 0.000 0.120 0.050
3 36.000 2.000 0.000 0.120 0.050
1 39.000 3.000 0.000 0.000 0.000
2 40.000 1.000 -0.082 0.085 0.072
1 42.000 2.000 0.000 0.000 0.000
2 43.000 1.000 0.082 -0.085 0.028
1 46.000 3.000 0.000 0.000 0.000
2 47.000 1.000 -0.116 0.000 0.081
1 49.000 2.000 0.000 0.000 0.000
2 51.000 2.000 -0.081 -0.085 0.024
1 53.000 2.000 0.000 0.000 0.000
2 55.000 2.000 -0.082 -0.085 0.072
3 57.000 2.000 -0.082 -0.085 0.072
1 59.000 2.000 0.000 0.000 0.000
2 60.000 1.000 -0.082 -0.085 0.072
1 62.000 2.000 0.000 0.000 0.000
2 63.000 1.000 0.082 -0.085 0.028
3 65.000 2.000 0.082 -0.085 0.028
1 67.000 2.000 0.000 0.000 0.000
2 68.000 1.000 -0.082 0.085 0.072
1 70.000 2.000 0.000 0.000 0.000
2 71.000 1.000 -0.114 0.000 0.013
1 73.000 2.000 0.000 0.000 0.000
2 74.000 1.000 -0.081 0.085 0.024
1 76.000 2.000 0.000 0.000 0.000
2 77.000 1.000 0.114 0.000 0.087
3 79.000 2.000 0.114 0.000 0.087
1 81.000 2.000 0.000 0.000 0.000
2 82.000 1.000 -0.082 0.085 0.072
3 84.000 2.000 -0.082 0.085 0.072
1 86.000 2.000 0.000 0.000 0.000
2 87.000 1.000 -0.081 -0.085 0.024
3 89.000 2.000 -0.081 -0.085 0.024
0 92.000 3.000 0.000 0.000 0.000
1 94.000 2.000 0.000 0.000 0.000
2 95.000 1.000 -0.116 0.000 0.081
1 98.000 3.000 0.000 0.000 0.000
2 100.000 2.000 0.000 0.120 0.050
1 103.000 3.000 0.000 0.000 0.000
2 105.000 2.000 -0.116 0.000 0.081
3 107.000 2.000 -0.116 0.000 0.081
1 109.000 2.000 0.000 0.000 0.000
2 110.000 1.000 0.116 0.000 0.019
0 113.000 3.000 0.000 0.000 0.000
1 115.000 2.000 0.000 0.000 0.000
2 116.000 1.000 0.081 -0.085 0.076
3 118.000 2.000 0.081 -0.085 0.076
1 121.000 3.000 0.000 0.000 0.000
2 122.000 1.000 -0.081 -0.085 0.024
1 124.000 2.000 0.000 0.000 0.000
2 126.000 2.000 0.116 0.000 0.019
1 128.000 2.000 0.000 0.000 0.000
2 129.000 1.000 0.081 -0.085 0.076
3 131.000 2.000 0.081 -0.085 0.076
1 134.000 3.000 0.000 0.000 0.000
2 135.000 1.000 -0.000 -0.120 0.050
3 137.000 2.000 -0.000 -0.120 0.050
1 140.000 3.000 0.000 0.000 0.000
2 141.000 1.000 -0.082 0.085 0.072
3 144.000 3.000 -0.082 0.085 0.072
1 147.000 3.000 0.000 0.000 0.000
2 149.000 2.000 0.000 0.120 0.050
3 151.000 2.000 0.000 0.120 0.050
1 153.000 2.000 0.000 0.000 0.000
2 154.000 1.000 0.081 -0.085 0.076
3 156.000 2.000 0.081 -0.085 0.076
1 158.000 2.000 0.000 0.000 0.000
2 159.000 1.000 -0.081 -0.085 0.024
3 161.000 2.000 -0.081 -0.085 0.024
1 163.000 2.000 0.000 0.000 0.000
2 164.000 1.000 -0.116 0.000 0.081
3 167.000 3.000 -0.116 0.000 0.081
1 170.000 3.000 0.000 0.000 0.000
2 171.000 1.000 0.081 -0.085 0.076
1 173.000 2.000 0.000 0.000 0.000
2 174.000 1.000 -0.082 -0.085 0.072
3 177.000 3.000 -0.082 -0.085 0.072
1 179.000 2.000 0.000 0.000 0.000
2 180.000 1.000 -0.082 0.085 0.072
3 182.000 2.000 -0.082 0.085 0.072
1 184.000 2.000 0.000 0.000 0.000
2 186.000 2.000 -0.081 0.085 0.024
3 189.000 3.000 -0.081 0.085 0.024
1 191.000 2.000 0.000 0.000 0.000
2 193.000 2.000 0.081 0.085 0.076
1 195.000 2.000 0.000 0.000 0.000
2 196.000 1.000 -0.000 -0.120 0.050
1 198.000 2.000 0.000 0.000 0.000
2 200.000 2.000 0.081 0.085 0.076
1 203.000 3.000 0.000 0.000 0.000
2 204.000 1.000 0.082 -0.085 0.028
0 207.000 3.000 0.000 0.000 0.000
1 209.000 2.000 0.000 0.000 0.000
2 210.000 1.000 0.114 0.000 0.087
1 213.000 3.000 0.000 0.000 0.000
2 214.000 1.000 0.082 0.085 0.028
3 217.000 3.000 0.082 0.085 0.028
1 219.000 2.000 0.000 0.000 0.000
2 220.000 1.000 -0.082 -0.085 0.072
1 222.000 2.000 0.000 0.000 0.000
2 223.000 1.000 0.081 -0.085 0.076
1 226.000 3.000 0.000 0.000 0.000
2 227.000 1.000 -0.000 -0.120 0.050
3 230.000 3.000 -0.000 -0.120 0.050
1 232.000 2.000 0.000 0.000 0.000
2 234.000 2.000 0.082 0.085 0.028
3 236.000 2.000 0.082 0.085 0.028
1 238.000 2.000 0.000 0.000 0.000
2 239.000 1.000 -0.081 0.085 0.024
3 241.000 2.000 -0.081 0.085 0.024
1 243.000 2.000 0.000 0.000 0.000
2 244.000 1.000 -0.114 0.000 0.013
3 246.000 2.000 -0.114 0.000 0.013
1 249.000 3.000 0.000 0.000 0.000
2 250.000 1.000 0.000 0.120 0.050
1 252.000 2.000 0.000 0.000 0.000
2 253.000 1.000 0.081 0.085 0.076
3 255.000 2.000 0.081 0.085 0.076
1 257.000 2.000 0.000 0.000 0.000
2 258.000 1.000 0.082 0.085 0.028
1 260.000 2.000 0.000 0.000 0.000
2 261.000 1.000 0.114 0.000 0.087
1 263.000 2.000 0.000 0.000 0.000
2 264.000 1.000 -0.081 0.085 0.024
1 266.000 2.000 0.000 0.000 0.000
2 267.000 1.000 0.114 0.000 0.087
3 269.000 2.000 0.114 0.000 0.087
1 272.000 3.000 0.000 0.000 0.000
2 273.000 1.000 0.081 0.085 0.076
1 275.000 2.000 0.000 0.000 0.000
2 277.000 2.000 0.000 0.120 0.050
1 280.000 3.000 0.000 0.000 0.000
2 282.000 2.000 0.000 0.120 0.050
3 285.000 3.000 0.000 0.120 0.050
1 288.000 3.000 0.000 0.000 0.000
2 289.000 1.000 -0.000 -0.120 0.050
3 291.000 2.000 -0.000 -0.120 0.050
1 293.000 2.000 0.000 0.000 0.000
2 294.000 1.000 0.081 0.085 0.076
3 296.000 2.000 0.081 0.085 0.076
1 298.000 2.000 0.000 0.000 0.000
2 299.000 1.000 -0.081 -0.085 0.024
3 302.000 3.000 -0.081 -0.085 0.024
1 304.000 2.000 0.000 0.000 0.000
2 305.000 1.000 -0.000 -0.120 0.050
1 307.000 2.000 0.000 0.000 0.000
2 309.000 2.000 0.114 0.000 0.087
1 311.000 2.000 0.000 0.000 0.000
2 312.000 1.000 0.082 -0.085 0.028
3 314.000 2.000 0.082 -0.085 0.028
1 316.000 2.000 0.000 0.000 0.000
2 317.000 1.000 -0.082 -0.085 0.072
1 319.000 2.000 0.000 0.000 0.000
2 320.000 1.000 -0.081 0.085 0.024
3 322.000 2.000 -0.081 0.085 0.024
1 324.000 2.000 0.000 0.000 0.000
2 326.000 2.000 0.081 -0.085 0.076
1 328.000 2.000 0.000 0.000 0.000
2 329.000 1.000 -0.116 0.000 0.081
3 331.000 2.000 -0.116 0.000 0.081
1 333.000 2.000 0.000 0.000 0.000
2 334.000 1.000 -0.114 0.000 0.013
1 337.000 3.000 0.000 0.000 0.000
2 338.000 1.000 0.114 0.000 0.087
3 340.000 2.000 0.114 0.000 0.087
1 342.000 2.000 0.000 0.000 0.000
2 343.000 1.000 -0.114 0.000 0.013
3 346.000 3.000 -0.114 0.000 0.013
1 348.000 2.000 0.000 0.000 0.000
2 349.000 1.000 -0.081 0.085 0.024
1 352.000 3.000 0.000 0.000 0.000
2 354.000 2.000 -0.082 -0.085 0.072
3 357.000 3.000 -0.082 -0.085 0.072
1 360.000 3.000 0.000 0.000 0.000
2 361.000 1.000 -0.114 0.000 0.013
3 364.000 3.000 -0.114 0.000 0.013
1 366.000 2.000 0.000 0.000 0.000
2 367.000 1.000 -0.081 -0.085 0.024
1 369.000 2.000 0.000 0.000 0.000
2 370.000 1.000 0.082 0.085 0.028
3 373.000 3.000 0.082 0.085 0.028
1 375.000 2.000 0.000 0.000 0.000
2 377.000 2.000 -0.082 0.085 0.072
1 380.000 3.000 0.000 0.000 0.000
2 382.000 2.000 -0.114 0.000 0.013
1 385.000 3.000 0.000 0.000 0.000
2 386.000 1.000 0.116 0.000 0.019
1 389.000 3.000 0.000 0.000 0.000
2 391.000 2.000 0.082 0.085 0.028
1 394.000 3.000 0.000 0.000 0.000
2 396.000 2.000 -0.000 -0.120 0.050
1 399.000 3.000 0.000 0.000 0.000
