1 8.000 8.000 0.000 0.000 0.000
1 10.000 2.000 0.000 0.000 0.000
2 11.000 1.000 0.081 -0.085 0.076
1 13.000 2.000 0.000 0.000 0.000
2 15.000 2.000 0.114 0.000 0.087
3 17.000 2.000 0.114 0.000 0.087
0 20.000 3.000 0.000 0.000 0.000
1 23.000 3.000 0.000 0.000 0.000
2 24.000 1.000 0.081 0.085 0.076
1 26.000 2.000 0.000 0.000 0.000
2 27.000 1.000 0.082 -0.085 0.028
1 29.000 2.000 0.000 0.000 0.000
2 30.000 1.000 -0.114 0.000 0.013
3 33.000 3.000 -0.114 0.000 0.013
1 35.000 2.000 0.000 0.000 0.000
2 36.000 1.000 -0.000 -0.120 0.050
3 38.000 2.000 -0.000 -0.120 0.050
1 40.000 2.000 0.000 0.000 0.000
2 41.000 1.000 -0.082 -0.085 0.072
3 43.000 2.000 -0.082 -0.085 0.072
1 45.000 2.000 0.000 0.000 0.000
2 47.000 2.000 -0.082 0.085 0.072
1 49.000 2.000 0.000 0.000 0.000
2 50.000 1.000 -0.116 0.000 0.081
3 52.000 2.000 -0.116 0.000 0.081
1 55.000 3.000 0.000 0.000 0.000
2 56.000 1.000 -0.000 -0.120 0.050
3 58.000 2.000 -0.000 -0.120 0.050
1 60.000 2.000 0.000 0.000 0.000
2 62.000 2.000 0.082 0.085 0.028
3 65.000 3.000 0.082 0.085 0.028
1 68.000 3.000 0.000 0.000 0.000
2 69.000 1.000 -0.082 -0.085 0.072
3 71.000 2.000 -0.082 -0.085 0.072
1 74.000 3.000 0.000 0.000 0.000
2 75.000 1.000 -0.082 -0.085 0.072
1 78.000 3.000 0.000 0.000 0.000
2 80.000 2.000 -0.082 0.085 0.072
1 82.000 2.000 0.000 0.000 0.000
2 83.000 1.000 0.114 0.000 0.087
3 85.000 2.000 0.114 0.000 0.087
1 88.000 3.000 0.000 0.000 0.000
2 89.000 1.000 0.116 0.000 0.019
1 91.000 2.000 0.000 0.000 0.000
2 92.000 1.000 0.081 -0.085 0.076
1 95.000 3.000 0.000 0.000 0.000
2 96.000 1.000 -0.081 -0.085 0.024
1 99.000 3.000 0.000 0.000 0.000
2 101.000 2.000 0.081 -0.085 0.076
3 103.000 2.000 0.081 -0.085 0.076
1 106.000 3.000 0.000 0.000 0.000
2 108.000 2.000 0.114 0.000 0.087
1 110.000 2.000 0.000 0.000 0.000
2 111.000 1.000 -0.081 -0.085 0.024
1 114.000 3.000 0.000 0.000 0.000
2 116.000 2.000 0.000 0.120 0.050
1 118.000 2.000 0.000 0.000 0.000
2 119.000 1.000 -0.081 -0.085 0.024
1 121.000 2.000 0.000 0.000 0.000
2 122.000 1.000 -0.081 0.085 0.024
3 124.000 2.000 -0.081 0.085 0.024
1 127.000 3.000 0.000 0.000 0.000
2 128.000 1.000 0.000 0.120 0.050
3 130.000 2.000 0.000 0.120 0.050
1 133.000 3.000 0.000 0.000 0.000
2 134.000 1.000 0.116 0.000 0.019
1 136.000 2.000 0.000 0.000 0.000
2 137.000 1.000 -0.114 0.000 0.013
3 139.000 2.000 -0.114 0.000 0.013
1 141.000 2.000 0.000 0.000 0.000
2 142.000 1.000 0.081 -0.085 0.076
3 145.000 3.000 0.081 -0.085 0.076
0 148.000 3.000 0.000 0.000 0.000
1 150.000 2.000 0.000 0.000 0.000
2 152.000 2.000 -0.000 -0.120 0.050
1 154.000 2.000 0.000 0.000 0.000
2 155.000 1.000 -0.114 0.000 0.013
1 157.000 2.000 0.000 0.000 0.000
2 159.000 2.000 -0.000 -0.120 0.050
1 161.000 2.000 0.000 0.000 0.000
2 162.000 1.000 -0.081 0.085 0.024
3 165.000 3.000 -0.081 0.085 0.024
1 167.000 2.000 0.000 0.000 0.000
2 169.000 2.000 -0.081 -0.085 0.024
3 172.000 3.000 -0.081 -0.085 0.024
1 174.000 2.000 0.000 0.000 0.000
2 175.000 1.000 0.000 0.120 0.050
3 177.000 2.000 0.000 0.120 0.050
1 179.000 2.000 0.000 0.000 0.000
2 180.000 1.000 -0.116 0.000 0.081
3 182.000 2.000 -0.116 0.000 0.081
1 184.000 2.000 0.000 0.000 0.000
2 185.000 1.000 0.000 0.120 0.050
1 187.000 2.000 0.000 0.000 0.000
2 189.000 2.000 0.081 -0.085 0.076
1 191.000 2.000 0.000 0.000 0.000
2 193.000 2.000 0.081 0.085 0.076
3 195.000 2.000 0.081 0.085 0.076
1 197.000 2.000 0.000 0.000 0.000
2 198.000 1.000 -0.082 0.085 0.072
3 200.000 2.000 -0.082 0.085 0.072
1 202.000 2.000 0.000 0.000 0.000
2 203.000 1.000 0.081 0.085 0.076
3 206.000 3.000 0.081 0.085 0.076
1 209.000 3.000 0.000 0.000 0.000
2 211.000 2.000 -0.081 0.085 0.024
1 214.000 3.000 0.000 0.000 0.000
2 216.000 2.000 -0.114 0.000 0.013
1 219.000 3.000 0.000 0.000 0.000
2 220.000 1.000 -0.081 -0.085 0.024
3 223.000 3.000 -0.081 -0.085 0.024
1 225.000 2.000 0.000 0.000 0.000
2 226.000 1.000 0.000 0.120 0.050
1 228.000 2.000 0.000 0.000 0.000
2 230.000 2.000 0.081 0.085 0.076
1 233.000 3.000 0.000 0.000 0.000
2 234.000 1.000 -0.114 0.000 0.013
1 237.000 3.000 0.000 0.000 0.000
2 238.000 1.000 -0.000 -0.120 0.050
1 241.000 3.000 0.000 0.000 0.000
2 243.000 2.000 0.082 0.085 0.028
1 245.000 2.000 0.000 0.000 0.000
2 247.000 2.000 0.082 0.085 0.028
1 250.000 3.000 0.000 0.000 0.000
2 251.000 1.000 0.082 0.085 0.028
3 253.000 2.000 0.082 0.085 0.028
1 255.000 2.000 0.000 0.000 0.000
2 256.000 1.000 -0.082 0.085 0.072
1 258.000 2.000 0.000 0.000 0.000
2 259.000 1.000 0.114 0.000 0.087
1 261.000 2.000 0.000 0.000 0.000
2 262.000 1.000 0.081 0.085 0.076
1 264.000 2.000 0.000 0.000 0.000
2 265.000 1.000 -0.082 -0.085 0.072
3 267.000 2.000 -0.082 -0.085 0.072
1 269.000 2.000 0.000 0.000 0.000
2 270.000 1.000 0.082 -0.085 0.028
1 272.000 2.000 0.000 0.000 0.000
2 273.000 1.000 -0.082 -0.085 0.072
1 276.000 3.000 0.000 0.000 0.000
2 277.000 1.000 0.114 0.000 0.087
3 279.000 2.000 0.114 0.000 0.087
1 282.000 3.000 0.000 0.000 0.000
2 283.000 1.000 -0.081 0.085 0.024
1 285.000 2.000 0.000 0.000 0.000
2 287.000 2.000 0.114 0.000 0.087
1 289.000 2.000 0.000 0.000 0.000
2 290.000 1.000 0.082 -0.085 0.028
3 292.000 2.000 0.082 -0.085 0.028
1 295.000 3.000 0.000 0.000 0.000
2 296.000 1.000 0.082 -0.085 0.028
3 298.000 2.000 0.082 -0.085 0.028
1 301.000 3.000 0.000 0.000 0.000
2 302.000 1.000 0.116 0.000 0.019
1 305.000 3.000 0.000 0.000 0.000
2 306.000 1.000 -0.082 0.085 0.072
3 309.000 3.000 -0.082 0.085 0.072
1 311.000 2.000 0.000 0.000 0.000
2 312.000 1.000 -0.116 0.000 0.081
3 314.000 2.000 -0.116 0.000 0.081
1 316.000 2.000 0.000 0.000 0.000
2 317.000 1.000 -0.081 0.085 0.024
1 319.000 2.000 0.000 0.000 0.000
2 320.000 1.000 0.081 0.085 0.076
3 322.000 2.000 0.081 0.085 0.076
1 324.000 2.000 0.000 0.000 0.000
2 325.000 1.000 -0.116 0.000 0.081
1 327.000 2.000 0.000 0.000 0.000
2 328.000 1.000 0.082 0.085 0.028
3 330.000 2.000 0.082 0.085 0.028
1 332.000 2.000 0.000 0.000 0.000
2 333.000 1.000 0.082 0.085 0.028
1 335.000 2.000 0.000 0.000 0.000
2 336.000 1.000 -0.081 0.085 0.024
3 339.000 3.000 -0.081 0.085 0.024
1 341.000 2.000 0.000 0.000 0.000
2 342.000 1.000 0.082 -0.085 0.028
1 344.000 2.000 0.000 0.000 0.000
2 345.000 1.000 -0.116 0.000 0.081
1 347.000 2.000 0.000 0.000 0.000
2 349.000 2.000 -0.082 -0.085 0.072
1 351.000 2.000 0.000 0.000 0.000
2 352.000 1.000 0.000 0.120 0.050
3 355.000 3.000 0.000 0.120 0.050
1 357.000 2.000 0.000 0.000 0.000
2 358.000 1.000 -0.116 0.000 0.081
1 360.000 2.000 0.000 0.000 0.000
2 361.000 1.000 -0.081 -0.085 0.024
3 364.000 3.000 -0.081 -0.085 0.024
0 367.000 3.000 0.000 0.000 0.000
1 369.000 2.000 0.000 0.000 0.000
2 370.000 1.000 -0.114 0.000 0.013
3 372.000 2.000 -0.114 0.000 0.013
1 374.000 2.000 0.000 0.000 0.000
2 375.000 1.000 0.082 -0.085 0.028
3 377.000 2.000 0.082 -0.085 0.028
1 379.000 2.000 0.000 0.000 0.000
2 381.000 2.000 0.081 -0.085 0.076
3 384.000 3.000 0.081 -0.085 0.076
1 386.000 2.000 0.000 0.000 0.000
2 388.000 2.000 -0.082 0.085 0.072
3 391.000 3.000 -0.082 0.085 0.072
1 393.000 2.000 0.000 0.000 0.000
2 394.000 1.000 -0.000 -0.120 0.050
3 396.000 2.000 -0.000 -0.120 0.050
1 399.000 3.000 0.000 0.000 0.000
