1 8.000 8.000 0.000 0.000 0.000
1 11.000 3.000 0.000 0.000 0.000
2 12.000 1.000 0.114 0.000 0.087
3 14.000 2.000 0.114 0.000 0.087
1 17.000 3.000 0.000 0.000 0.000
2 18.000 1.000 0.081 0.085 0.076
3 20.000 2.000 0.081 0.085 0.076
1 22.000 2.000 0.000 0.000 0.000
2 23.000 1.000 -0.082 0.085 0.072
1 26.000 3.000 0.000 0.000 0.000
2 27.000 1.000 0.000 0.120 0.050
3 29.000 2.000 0.000 0.120 0.050
1 31.000 2.000 0.000 0.000 0.000
2 32.000 1.000 -0.081 0.085 0.024
1 34.000 2.000 0.000 0.000 0.000
2 35.000 1.000 0.082 -0.085 0.028
1 38.000 3.000 0.000 0.000 0.000
2 39.000 1.000 0.082 -0.085 0.028
3 41.000 2.000 0.082 -0.085 0.028
1 43.000 2.000 0.000 0.000 0.000
2 44.000 1.000 -0.114 0.000 0.013
3 46.000 2.000 -0.114 0.000 0.013
1 49.000 3.000 0.000 0.000 0.000
2 50.000 1.000 0.082 -0.085 0.028
1 53.000 3.000 0.000 0.000 0.000
2 54.000 1.000 -0.000 -0.120 0.050
1 57.000 3.000 0.000 0.000 0.000
2 58.000 1.000 0.081 0.085 0.076
1 60.000 2.000 0.000 0.000 0.000
2 61.000 1.000 -0.082 0.085 0.072
3 63.000 2.000 -0.082 0.085 0.072
1 65.000 2.000 0.000 0.000 0.000
2 67.000 2.000 -0.116 0.000 0.081
3 70.000 3.000 -0.116 0.000 0.081
1 72.000 2.000 0.000 0.000 0.000
2 73.000 1.000 0.082 0.085 0.028
3 75.000 2.000 0.082 0.085 0.028
1 78.000 3.000 0.000 0.000 0.000
2 79.000 1.000 0.082 0.085 0.028
3 81.000 2.000 0.082 0.085 0.028
1 83.000 2.000 0.000 0.000 0.000
2 84.000 1.000 0.082 0.085 0.028
1 86.000 2.000 0.000 0.000 0.000
2 88.000 2.000 0.114 0.000 0.087
1 91.000 3.000 0.000 0.000 0.000
2 92.000 1.000 -0.082 -0.085 0.072
3 95.000 3.000 -0.082 -0.085 0.072
1 98.000 3.000 0.000 0.000 0.000
2 100.000 2.000 -0.081 -0.085 0.024
3 102.000 2.000 -0.081 -0.085 0.024
1 104.000 2.000 0.000 0.000 0.000
2 105.000 1.000 0.116 0.000 0.019
1 107.000 2.000 0.000 0.000 0.000
2 109.000 2.000 0.000 0.120 0.050
3 111.000 2.000 0.000 0.120 0.050
1 113.000 2.000 0.000 0.000 0.000
2 114.000 1.000 0.000 0.120 0.050
1 116.000 2.000 0.000 0.000 0.000
2 117.000 1.000 -0.116 0.000 0.081
3 119.000 2.000 -0.116 0.000 0.081
1 121.000 2.000 0.000 0.000 0.000
2 122.000 1.000 0.081 -0.085 0.076
1 124.000 2.000 0.000 0.000 0.000
2 126.000 2.000 0.081 -0.085 0.076
1 128.000 2.000 0.000 0.000 0.000
2 129.000 1.000 0.081 0.085 0.076
1 131.000 2.000 0.000 0.000 0.000
2 132.000 1.000 -0.081 0.085 0.024
3 135.000 3.000 -0.081 0.085 0.024
1 138.000 3.000 0.000 0.000 0.000
2 139.000 1.000 -0.082 0.085 0.072
3 141.000 2.000 -0.082 0.085 0.072
1 144.000 3.000 0.000 0.000 0.000
2 146.000 2.000 -0.000 -0.120 0.050
1 148.000 2.000 0.000 0.000 0.000
2 149.000 1.000 -0.114 0.000 0.013
1 151.000 2.000 0.000 0.000 0.000
2 152.000 1.000 0.082 0.085 0.028
3 154.000 2.000 0.082 0.085 0.028
1 157.000 3.000 0.000 0.000 0.000
2 158.000 1.000 -0.081 0.085 0.024
1 160.000 2.000 0.000 0.000 0.000
2 161.000 1.000 -0.082 -0.085 0.072
1 163.000 2.000 0.000 0.000 0.000
2 165.000 2.000 -0.000 -0.120 0.050
3 167.000 2.000 -0.000 -0.120 0.050
1 170.000 3.000 0.000 0.000 0.000
2 171.000 1.000 -0.116 0.000 0.081
1 173.000 2.000 0.000 0.000 0.000
2 174.000 1.000 0.081 0.085 0.076
1 176.000 2.000 0.000 0.000 0.000
2 177.000 1.000 -0.114 0.000 0.013
1 179.000 2.000 0.000 0.000 0.000
2 181.000 2.000 0.081 -0.085 0.076
1 183.000 2.000 0.000 0.000 0.000
2 184.000 1.000 0.000 0.120 0.050
1 187.000 3.000 0.000 0.000 0.000
2 189.000 2.000 0.081 -0.085 0.076
3 191.000 2.000 0.081 -0.085 0.076
1 194.000 3.000 0.000 0.000 0.000
2 196.000 2.000 -0.116 0.000 0.081
1 198.000 2.000 0.000 0.000 0.000
2 200.000 2.000 0.114 0.000 0.087
1 202.000 2.000 0.000 0.000 0.000
2 204.000 2.000 0.114 0.000 0.087
1 207.000 3.000 0.000 0.000 0.000
2 208.000 1.000 -0.081 0.085 0.024
1 210.000 2.000 0.000 0.000 0.000
2 211.000 1.000 -0.116 0.000 0.081
1 214.000 3.000 0.000 0.000 0.000
2 215.000 1.000 -0.082 0.085 0.072
1 217.000 2.000 0.000 0.000 0.000
2 219.000 2.000 0.081 -0.085 0.076
3 221.000 2.000 0.081 -0.085 0.076
1 224.000 3.000 0.000 0.000 0.000
2 225.000 1.000 -0.081 -0.085 0.024
3 227.000 2.000 -0.081 -0.085 0.024
1 229.000 2.000 0.000 0.000 0.000
2 230.000 1.000 -0.081 0.085 0.024
3 232.000 2.000 -0.081 0.085 0.024
0 235.000 3.000 0.000 0.000 0.000
1 238.000 3.000 0.000 0.000 0.000
2 239.000 1.000 0.082 -0.085 0.028
1 242.000 3.000 0.000 0.000 0.000
2 243.000 1.000 -0.082 0.085 0.072
1 245.000 2.000 0.000 0.000 0.000
2 247.000 2.000 -0.081 -0.085 0.024
1 249.000 2.000 0.000 0.000 0.000
2 250.000 1.000 0.081 -0.085 0.076
3 253.000 3.000 0.081 -0.085 0.076
1 255.000 2.000 0.000 0.000 0.000
2 256.000 1.000 -0.081 -0.085 0.024
1 258.000 2.000 0.000 0.000 0.000
2 259.000 1.000 -0.082 -0.085 0.072
1 261.000 2.000 0.000 0.000 0.000
2 262.000 1.000 -0.082 0.085 0.072
3 265.000 3.000 -0.082 0.085 0.072
1 268.000 3.000 0.000 0.000 0.000
2 269.000 1.000 -0.114 0.000 0.013
3 271.000 2.000 -0.114 0.000 0.013
1 273.000 2.000 0.000 0.000 0.000
2 274.000 1.000 -0.082 -0.085 0.072
1 276.000 2.000 0.000 0.000 0.000
2 277.000 1.000 -0.000 -0.120 0.050
3 280.000 3.000 -0.000 -0.120 0.050
1 282.000 2.000 0.000 0.000 0.000
2 284.000 2.000 0.082 0.085 0.028
1 286.000 2.000 0.000 0.000 0.000
2 287.000 1.000 0.116 0.000 0.019
1 289.000 2.000 0.000 0.000 0.000
2 290.000 1.000 -0.000 -0.120 0.050
3 292.000 2.000 -0.000 -0.120 0.050
1 294.000 2.000 0.000 0.000 0.000
2 295.000 1.000 0.000 0.120 0.050
3 297.000 2.000 0.000 0.120 0.050
1 299.000 2.000 0.000 0.000 0.000
2 300.000 1.000 -0.082 -0.085 0.072
3 302.000 2.000 -0.082 -0.085 0.072
1 305.000 3.000 0.000 0.000 0.000
2 307.000 2.000 0.114 0.000 0.087
3 309.000 2.000 0.114 0.000 0.087
0 312.000 3.000 0.000 0.000 0.000
1 314.000 2.000 0.000 0.000 0.000
2 316.000 2.000 0.081 0.085 0.076
3 319.000 3.000 0.081 0.085 0.076
0 322.000 3.000 0.000 0.000 0.000
1 325.000 3.000 0.000 0.000 0.000
2 326.000 1.000 0.114 0.000 0.087
3 328.000 2.000 0.114 0.000 0.087
1 330.000 2.000 0.000 0.000 0.000
2 331.000 1.000 0.000 0.120 0.050
1 334.000 3.000 0.000 0.000 0.000
2 335.000 1.000 -0.116 0.000 0.081
3 337.000 2.000 -0.116 0.000 0.081
1 340.000 3.000 0.000 0.000 0.000
2 342.000 2.000 -0.081 -0.085 0.024
1 344.000 2.000 0.000 0.000 0.000
2 345.000 1.000 0.116 0.000 0.019
1 347.000 2.000 0.000 0.000 0.000
2 348.000 1.000 0.082 -0.085 0.028
3 351.000 3.000 0.082 -0.085 0.028
1 353.000 2.000 0.000 0.000 0.000
2 354.000 1.000 -0.081 0.085 0.024
3 356.000 2.000 -0.081 0.085 0.024
1 359.000 3.000 0.000 0.000 0.000
2 360.000 1.000 0.082 0.085 0.028
1 362.000 2.000 0.000 0.000 0.000
2 363.000 1.000 -0.114 0.000 0.013
1 366.000 3.000 0.000 0.000 0.000
2 367.000 1.000 -0.082 -0.085 0.072
3 369.000 2.000 -0.082 -0.085 0.072
1 371.000 2.000 0.000 0.000 0.000
2 373.000 2.000 -0.081 -0.085 0.024
3 375.000 2.000 -0.081 -0.085 0.024
1 377.000 2.000 0.000 0.000 0.000
2 378.000 1.000 0.081 0.085 0.076
3 380.000 2.000 0.081 0.085 0.076
1 382.000 2.000 0.000 0.000 0.000
2 383.000 1.000 0.082 -0.085 0.028
3 385.000 2.000 0.082 -0.085 0.028
1 387.000 2.000 0.000 0.000 0.000
2 389.000 2.000 -0.000 -0.120 0.050
1 391.000 2.000 0.000 0.000 0.000
2 392.000 1.000 -0.114 0.000 0.013
3 395.000 3.000 -0.114 0.000 0.013
1 399.000 4.000 0.000 0.000 0.000
