1 8.000 8.000 0.000 0.000 0.000
1 10.000 2.000 0.000 0.000 0.000
2 11.000 1.000 -0.000 -0.120 0.050
1 13.000 2.000 0.000 0.000 0.000
2 15.000 2.000 -0.114 0.000 0.013
1 18.000 3.000 0.000 0.000 0.000
2 19.000 1.000 -0.000 -0.120 0.050
3 21.000 2.000 -0.000 -0.120 0.050
1 23.000 2.000 0.000 0.000 0.000
2 24.000 1.000 0.116 0.000 0.019
1 26.000 2.000 0.000 0.000 0.000
2 27.000 1.000 -0.082 0.085 0.072
3 29.000 2.000 -0.082 0.085 0.072
1 31.000 2.000 0.000 0.000 0.000
2 33.000 2.000 0.082 0.085 0.028
3 35.000 2.000 0.082 0.085 0.028
1 37.000 2.000 0.000 0.000 0.000
2 38.000 1.000 -0.116 0.000 0.081
1 41.000 3.000 0.000 0.000 0.000
2 42.000 1.000 0.081 -0.085 0.076
3 44.000 2.000 0.081 -0.085 0.076
1 47.000 3.000 0.000 0.000 0.000
2 48.000 1.000 -0.081 -0.085 0.024
1 51.000 3.000 0.000 0.000 0.000
2 52.000 1.000 -0.000 -0.120 0.050
3 54.000 2.000 -0.000 -0.120 0.050
1 56.000 2.000 0.000 0.000 0.000
2 58.000 2.000 0.081 -0.085 0.076
1 60.000 2.000 0.000 0.000 0.000
2 62.000 2.000 -0.000 -0.120 0.050
3 64.000 2.000 -0.000 -0.120 0.050
1 67.000 3.000 0.000 0.000 0.000
2 68.000 1.000 0.000 0.120 0.050
3 71.000 3.000 0.000 0.120 0.050
1 73.000 2.000 0.000 0.000 0.000
2 74.000 1.000 0.114 0.000 0.087
1 76.000 2.000 0.000 0.000 0.000
2 77.000 1.000 0.082 -0.085 0.028
1 79.000 2.000 0.000 0.000 0.000
2 81.000 2.000 0.114 0.000 0.087
1 84.000 3.000 0.000 0.000 0.000
2 85.000 1.000 0.082 0.085 0.028
1 88.000 3.000 0.000 0.000 0.000
2 89.000 1.000 0.000 0.120 0.050
3 91.000 2.000 0.000 0.120 0.050
1 93.000 2.000 0.000 0.000 0.000
2 95.000 2.000 -0.082 -0.085 0.072
1 97.000 2.000 0.000 0.000 0.000
2 98.000 1.000 -0.114 0.000 0.013
3 100.000 2.000 -0.114 0.000 0.013
1 102.000 2.000 0.000 0.000 0.000
2 104.000 2.000 0.081 -0.085 0.076
1 107.000 3.000 0.000 0.000 0.000
2 108.000 1.000 0.000 0.120 0.050
3 110.000 2.000 0.000 0.120 0.050
1 113.000 3.000 0.000 0.000 0.000
2 115.000 2.000 0.116 0.000 0.019
1 117.000 2.000 0.000 0.000 0.000
2 118.000 1.000 -0.116 0.000 0.081
3 120.000 2.000 -0.116 0.000 0.081
1 122.000 2.000 0.000 0.000 0.000
2 124.000 2.000 0.114 0.000 0.087
3 126.000 2.000 0.114 0.000 0.087
1 129.000 3.000 0.000 0.000 0.000
2 130.000 1.000 -0.114 0.000 0.013
1 132.000 2.000 0.000 0.000 0.000
2 134.000 2.000 -0.082 0.085 0.072
1 136.000 2.000 0.000 0.000 0.000
2 137.000 1.000 0.082 -0.085 0.028
3 139.000 2.000 0.082 -0.085 0.028
1 141.000 2.000 0.000 0.000 0.000
2 142.000 1.000 -0.081 0.085 0.024
3 144.000 2.000 -0.081 0.085 0.024
1 146.000 2.000 0.000 0.000 0.000
2 147.000 1.000 0.082 -0.085 0.028
3 149.000 2.000 0.082 -0.085 0.028
1 151.000 2.000 0.000 0.000 0.000
2 153.000 2.000 -0.114 0.000 0.013
1 155.000 2.000 0.000 0.000 0.000
2 157.000 2.000 -0.114 0.000 0.013
3 159.000 2.000 -0.114 0.000 0.013
1 162.000 3.000 0.000 0.000 0.000
2 163.000 1.000 -0.116 0.000 0.081
1 166.000 3.000 0.000 0.000 0.000
2 167.000 1.000 0.082 0.085 0.028
3 169.000 2.000 0.082 0.085 0.028
1 171.000 2.000 0.000 0.000 0.000
2 172.000 1.000 -0.081 0.085 0.024
1 174.000 2.000 0.000 0.000 0.000
2 176.000 2.000 0.081 0.085 0.076
3 178.000 2.000 0.081 0.085 0.076
1 181.000 3.000 0.000 0.000 0.000
2 182.000 1.000 0.000 0.120 0.050
1 184.000 2.000 0.000 0.000 0.000
2 185.000 1.000 -0.082 -0.085 0.072
3 187.000 2.000 -0.082 -0.085 0.072
1 189.000 2.000 0.000 0.000 0.000
2 190.000 1.000 -0.082 -0.085 0.072
3 192.000 2.000 -0.082 -0.085 0.072
1 194.000 2.000 0.000 0.000 0.000
2 196.000 2.000 -0.082 0.085 0.072
3 198.000 2.000 -0.082 0.085 0.072
1 201.000 3.000 0.000 0.000 0.000
2 202.000 1.000 -0.082 0.085 0.072
3 204.000 2.000 -0.082 0.085 0.072
1 206.000 2.000 0.000 0.000 0.000
2 208.000 2.000 0.082 -0.085 0.028
3 210.000 2.000 0.082 -0.085 0.028
1 213.000 3.000 0.000 0.000 0.000
2 214.000 1.000 -0.081 -0.085 0.024
3 216.000 2.000 -0.081 -0.085 0.024
1 218.000 2.000 0.000 0.000 0.000
2 220.000 2.000 -0.116 0.000 0.081
3 222.000 2.000 -0.116 0.000 0.081
1 224.000 2.000 0.000 0.000 0.000
2 225.000 1.000 -0.000 -0.120 0.050
1 227.000 2.000 0.000 0.000 0.000
2 228.000 1.000 0.081 -0.085 0.076
1 230.000 2.000 0.000 0.000 0.000
2 231.000 1.000 -0.082 -0.085 0.072
1 234.000 3.000 0.000 0.000 0.000
2 235.000 1.000 -0.116 0.000 0.081
1 238.000 3.000 0.000 0.000 0.000
2 239.000 1.000 0.081 -0.085 0.076
3 241.000 2.000 0.081 -0.085 0.076
1 243.000 2.000 0.000 0.000 0.000
2 244.000 1.000 -0.081 0.085 0.024
3 246.000 2.000 -0.081 0.085 0.024
1 249.000 3.000 0.000 0.000 0.000
2 251.000 2.000 0.082 0.085 0.028
3 253.000 2.000 0.082 0.085 0.028
1 256.000 3.000 0.000 0.000 0.000
2 257.000 1.000 -0.114 0.000 0.013
3 259.000 2.000 -0.114 0.000 0.013
1 261.000 2.000 0.000 0.000 0.000
2 262.000 1.000 -0.082 -0.085 0.072
3 265.000 3.000 -0.082 -0.085 0.072
1 267.000 2.000 0.000 0.000 0.000
2 269.000 2.000 -0.081 -0.085 0.024
1 272.000 3.000 0.000 0.000 0.000
2 274.000 2.000 0.082 0.085 0.028
1 276.000 2.000 0.000 0.000 0.000
2 277.000 1.000 0.081 0.085 0.076
3 280.000 3.000 0.081 0.085 0.076
1 283.000 3.000 0.000 0.000 0.000
2 284.000 1.000 -0.082 -0.085 0.072
1 287.000 3.000 0.000 0.000 0.000
2 288.000 1.000 0.116 0.000 0.019
1 290.000 2.000 0.000 0.000 0.000
2 291.000 1.000 -0.081 0.085 0.024
1 293.000 2.000 0.000 0.000 0.000
2 294.000 1.000 -0.082 0.085 0.072
0 297.000 3.000 0.000 0.000 0.000
1 299.000 2.000 0.000 0.000 0.000
2 301.000 2.000 0.081 0.085 0.076
3 303.000 2.000 0.081 0.085 0.076
1 306.000 3.000 0.000 0.000 0.000
2 307.000 1.000 -0.116 0.000 0.081
3 309.000 2.000 -0.116 0.000 0.081
1 312.000 3.000 0.000 0.000 0.000
2 313.000 1.000 0.000 0.120 0.050
1 315.000 2.000 0.000 0.000 0.000
2 316.000 1.000 0.081 0.085 0.076
1 318.000 2.000 0.000 0.000 0.000
2 319.000 1.000 0.000 0.120 0.050
0 322.000 3.000 0.000 0.000 0.000
1 325.000 3.000 0.000 0.000 0.000
2 326.000 1.000 -0.081 0.085 0.024
3 328.000 2.000 -0.081 0.085 0.024
1 330.000 2.000 0.000 0.000 0.000
2 331.000 1.000 -0.082 0.085 0.072
0 334.000 3.000 0.000 0.000 0.000
1 336.000 2.000 0.000 0.000 0.000
2 338.000 2.000 0.082 -0.085 0.028
1 341.000 3.000 0.000 0.000 0.000
2 342.000 1.000 -0.081 -0.085 0.024
3 344.000 2.000 -0.081 -0.085 0.024
1 346.000 2.000 0.000 0.000 0.000
2 347.000 1.000 0.082 0.085 0.028
1 350.000 3.000 0.000 0.000 0.000
2 351.000 1.000 0.081 0.085 0.076
1 353.000 2.000 0.000 0.000 0.000
2 354.000 1.000 0.114 0.000 0.087
3 357.000 3.000 0.114 0.000 0.087
1 359.000 2.000 0.000 0.000 0.000
2 361.000 2.000 -0.081 -0.085 0.024
3 363.000 2.000 -0.081 -0.085 0.024
1 365.000 2.000 0.000 0.000 0.000
2 366.000 1.000 0.081 0.085 0.076
1 368.000 2.000 0.000 0.000 0.000
2 370.000 2.000 -0.000 -0.120 0.050
1 373.000 3.000 0.000 0.000 0.000
2 374.000 1.000 0.082 -0.085 0.028
1 376.000 2.000 0.000 0.000 0.000
2 377.000 1.000 0.081 -0.085 0.076
3 380.000 3.000 0.081 -0.085 0.076
1 382.000 2.000 0.000 0.000 0.000
2 383.000 1.000 -0.081 -0.085 0.024
1 385.000 2.000 0.000 0.000 0.000
2 386.000 1.000 0.114 0.000 0.087
1 388.000 2.000 0.000 0.000 0.000
2 389.000 1.000 -0.081 0.085 0.024
1 392.000 3.000 0.000 0.000 0.000
2 393.000 1.000 0.114 0.000 0.087
3 395.000 2.000 0.114 0.000 0.087
1 399.000 4.000 0.000 0.000 0.000
