0 8.000 8.00 0.00 0.00 0.00
1 12.000 4.00 0.00 0.00 0.00
2 13.000 1.00 0.11 -0.11 0.10
3 16.000 3.00 0.11 -0.11 0.10
1 19.000 3.00 0.00 0.00 0.00
2 21.000 2.00 -0.00 -0.15 0.10
3 24.000 3.00 -0.00 -0.15 0.10
0 27.000 3.00 0.00 0.00 0.00
1 29.000 2.00 0.00 0.00 0.00
2 30.000 1.00 -0.11 0.11 0.10
3 33.000 3.00 -0.11 0.11 0.10
1 37.000 4.00 0.00 0.00 0.00
2 40.000 3.00 -0.11 -0.11 0.10
3 43.000 3.00 -0.11 -0.11 0.10
1 46.000 3.00 0.00 0.00 0.00
2 49.000 3.00 0.15 0.00 0.10
3 52.000 3.00 0.15 0.00 0.10
1 56.000 4.00 0.00 0.00 0.00
2 58.000 2.00 -0.11 -0.11 0.10
3 61.000 3.00 -0.11 -0.11 0.10
1 63.000 2.00 0.00 0.00 0.00
2 64.000 1.00 -0.15 0.00 0.10
3 67.000 3.00 -0.15 0.00 0.10
1 69.000 2.00 0.00 0.00 0.00
2 72.000 3.00 0.11 -0.11 0.10
3 75.000 3.00 0.11 -0.11 0.10
1 78.000 3.00 0.00 0.00 0.00
2 81.000 3.00 -0.15 0.00 0.10
3 84.000 3.00 -0.15 0.00 0.10
1 86.000 2.00 0.00 0.00 0.00
2 88.000 2.00 0.15 0.00 0.10
3 91.000 3.00 0.15 0.00 0.10
1 94.000 3.00 0.00 0.00 0.00
2 95.000 1.00 -0.11 0.11 0.10
3 98.000 3.00 -0.11 0.11 0.10
1 100.000 2.00 0.00 0.00 0.00
2 101.000 1.00 0.11 -0.11 0.10
3 104.000 3.00 0.11 -0.11 0.10
1 108.000 4.00 0.00 0.00 0.00
2 111.000 3.00 0.15 0.00 0.10
3 114.000 3.00 0.15 0.00 0.10
0 117.000 3.00 0.00 0.00 0.00
0 120.000 3.00 0.00 0.00 0.00
1 124.000 4.00 0.00 0.00 0.00
2 125.000 1.00 0.11 -0.11 0.10
3 128.000 3.00 0.11 -0.11 0.10
1 132.000 4.00 0.00 0.00 0.00
2 133.000 1.00 -0.11 0.11 0.10
3 136.000 3.00 -0.11 0.11 0.10
1 139.000 3.00 0.00 0.00 0.00
2 142.000 3.00 -0.15 0.00 0.10
3 145.000 3.00 -0.15 0.00 0.10
1 149.000 4.00 0.00 0.00 0.00
2 151.000 2.00 0.00 0.15 0.10
3 154.000 3.00 0.00 0.15 0.10
1 156.000 2.00 0.00 0.00 0.00
2 159.000 3.00 0.11 -0.11 0.10
3 162.000 3.00 0.11 -0.11 0.10
1 164.000 2.00 0.00 0.00 0.00
2 165.000 1.00 -0.00 -0.15 0.10
3 168.000 3.00 -0.00 -0.15 0.10
1 170.000 2.00 0.00 0.00 0.00
2 172.000 2.00 -0.15 0.00 0.10
3 175.000 3.00 -0.15 0.00 0.10
1 177.000 2.00 0.00 0.00 0.00
2 180.000 3.00 0.11 0.11 0.10
3 183.000 3.00 0.11 0.11 0.10
1 185.000 2.00 0.00 0.00 0.00
2 188.000 3.00 -0.00 -0.15 0.10
3 191.000 3.00 -0.00 -0.15 0.10
1 193.000 2.00 0.00 0.00 0.00
2 194.000 1.00 -0.11 -0.11 0.10
3 197.000 3.00 -0.11 -0.11 0.10
1 199.000 2.00 0.00 0.00 0.00
2 202.000 3.00 0.11 0.11 0.10
3 205.000 3.00 0.11 0.11 0.10
1 209.000 4.00 0.00 0.00 0.00
2 212.000 3.00 0.11 0.11 0.10
3 215.000 3.00 0.11 0.11 0.10
1 219.000 4.00 0.00 0.00 0.00
2 222.000 3.00 -0.15 0.00 0.10
3 225.000 3.00 -0.15 0.00 0.10
1 229.000 4.00 0.00 0.00 0.00
2 232.000 3.00 -0.00 -0.15 0.10
3 235.000 3.00 -0.00 -0.15 0.10
1 237.000 2.00 0.00 0.00 0.00
2 238.000 1.00 -0.11 -0.11 0.10
3 241.000 3.00 -0.11 -0.11 0.10
1 245.000 4.00 0.00 0.00 0.00
2 247.000 2.00 0.00 0.15 0.10
3 250.000 3.00 0.00 0.15 0.10
1 253.000 3.00 0.00 0.00 0.00
2 256.000 3.00 0.00 0.15 0.10
3 259.000 3.00 0.00 0.15 0.10
1 261.000 2.00 0.00 0.00 0.00
2 263.000 2.00 -0.11 -0.11 0.10
3 266.000 3.00 -0.11 -0.11 0.10
1 268.000 2.00 0.00 0.00 0.00
2 269.000 1.00 -0.11 0.11 0.10
3 272.000 3.00 -0.11 0.11 0.10
1 276.000 4.00 0.00 0.00 0.00
2 279.000 3.00 0.15 0.00 0.10
3 282.000 3.00 0.15 0.00 0.10
1 285.000 3.00 0.00 0.00 0.00
2 286.000 1.00 0.11 0.11 0.10
3 289.000 3.00 0.11 0.11 0.10
0 292.000 3.00 0.00 0.00 0.00
1 296.000 4.00 0.00 0.00 0.00
2 299.000 3.00 -0.00 -0.15 0.10
3 302.000 3.00 -0.00 -0.15 0.10
1 306.000 4.00 0.00 0.00 0.00
2 309.000 3.00 0.00 0.15 0.10
3 312.000 3.00 0.00 0.15 0.10
1 316.000 4.00 0.00 0.00 0.00
2 319.000 3.00 -0.11 0.11 0.10
3 322.000 3.00 -0.11 0.11 0.10
1 325.000 3.00 0.00 0.00 0.00
2 327.000 2.00 0.11 0.11 0.10
3 330.000 3.00 0.11 0.11 0.10
1 334.000 4.00 0.00 0.00 0.00
2 336.000 2.00 0.00 0.15 0.10
3 339.000 3.00 0.00 0.15 0.10
0 342.000 3.00 0.00 0.00 0.00
1 346.000 4.00 0.00 0.00 0.00
2 348.000 2.00 0.15 0.00 0.10
3 351.000 3.00 0.15 0.00 0.10
0 354.000 3.00 0.00 0.00 0.00
