0 8.000 8.00 0.00 0.00 0.00
1 10.000 2.00 0.00 0.00 0.00
2 11.000 1.00 -0.00 -0.12 0.10
3 13.000 2.00 -0.00 -0.12 0.10
1 15.000 2.00 0.00 0.00 0.00
2 16.000 1.00 0.08 0.08 0.10
3 19.000 3.00 0.08 0.08 0.10
1 22.000 3.00 0.00 0.00 0.00
2 24.000 2.00 0.12 0.00 0.10
3 26.000 2.00 0.12 0.00 0.10
1 29.000 3.00 0.00 0.00 0.00
2 30.000 1.00 -0.08 0.08 0.10
3 33.000 3.00 -0.08 0.08 0.10
1 35.000 2.00 0.00 0.00 0.00
2 36.000 1.00 0.08 -0.08 0.10
3 38.000 2.00 0.08 -0.08 0.10
1 40.000 2.00 0.00 0.00 0.00
2 42.000 2.00 0.08 -0.08 0.10
3 44.000 2.00 0.08 -0.08 0.10
1 47.000 3.00 0.00 0.00 0.00
2 49.000 2.00 0.08 0.08 0.10
3 51.000 2.00 0.08 0.08 0.10
0 54.000 3.00 0.00 0.00 0.00
1 57.000 3.00 0.00 0.00 0.00
2 59.000 2.00 -0.00 -0.12 0.10
3 61.000 2.00 -0.00 -0.12 0.10
1 63.000 2.00 0.00 0.00 0.00
2 64.000 1.00 -0.12 0.00 0.10
3 66.000 2.00 -0.12 0.00 0.10
0 69.000 3.00 0.00 0.00 0.00
1 72.000 3.00 0.00 0.00 0.00
2 73.000 1.00 0.00 0.12 0.10
3 75.000 2.00 0.00 0.12 0.10
1 77.000 2.00 0.00 0.00 0.00
2 78.000 1.00 -0.08 0.08 0.10
3 80.000 2.00 -0.08 0.08 0.10
1 82.000 2.00 0.00 0.00 0.00
2 83.000 1.00 0.12 0.00 0.10
3 85.000 2.00 0.12 0.00 0.10
1 87.000 2.00 0.00 0.00 0.00
2 88.000 1.00 -0.08 -0.08 0.10
3 90.000 2.00 -0.08 -0.08 0.10
1 93.000 3.00 0.00 0.00 0.00
2 95.000 2.00 -0.12 0.00 0.10
3 98.000 3.00 -0.12 0.00 0.10
0 101.000 3.00 0.00 0.00 0.00
1 104.000 3.00 0.00 0.00 0.00
2 105.000 1.00 -0.08 -0.08 0.10
3 108.000 3.00 -0.08 -0.08 0.10
1 111.000 3.00 0.00 0.00 0.00
2 112.000 1.00 -0.08 0.08 0.10
3 114.000 2.00 -0.08 0.08 0.10
1 116.000 2.00 0.00 0.00 0.00
2 117.000 1.00 0.00 0.12 0.10
3 119.000 2.00 0.00 0.12 0.10
1 121.000 2.00 0.00 0.00 0.00
2 122.000 1.00 0.08 0.08 0.10
3 124.000 2.00 0.08 0.08 0.10
0 127.000 3.00 0.00 0.00 0.00
1 129.000 2.00 0.00 0.00 0.00
2 130.000 1.00 -0.12 0.00 0.10
3 133.000 3.00 -0.12 0.00 0.10
1 135.000 2.00 0.00 0.00 0.00
2 136.000 1.00 0.00 0.12 0.10
3 139.000 3.00 0.00 0.12 0.10
1 141.000 2.00 0.00 0.00 0.00
2 142.000 1.00 -0.08 -0.08 0.10
3 145.000 3.00 -0.08 -0.08 0.10
1 148.000 3.00 0.00 0.00 0.00
2 150.000 2.00 -0.08 0.08 0.10
3 152.000 2.00 -0.08 0.08 0.10
1 155.000 3.00 0.00 0.00 0.00
2 156.000 1.00 -0.08 -0.08 0.10
3 159.000 3.00 -0.08 -0.08 0.10
1 162.000 3.00 0.00 0.00 0.00
2 163.000 1.00 -0.12 0.00 0.10
3 165.000 2.00 -0.12 0.00 0.10
1 167.000 2.00 0.00 0.00 0.00
2 168.000 1.00 0.00 0.12 0.10
3 171.000 3.00 0.00 0.12 0.10
1 173.000 2.00 0.00 0.00 0.00
2 175.000 2.00 0.08 -0.08 0.10
3 178.000 3.00 0.08 -0.08 0.10
1 180.000 2.00 0.00 0.00 0.00
2 181.000 1.00 -0.08 -0.08 0.10
3 183.000 2.00 -0.08 -0.08 0.10
1 185.000 2.00 0.00 0.00 0.00
2 186.000 1.00 -0.00 -0.12 0.10
3 189.000 3.00 -0.00 -0.12 0.10
1 191.000 2.00 0.00 0.00 0.00
2 192.000 1.00 0.08 -0.08 0.10
3 195.000 3.00 0.08 -0.08 0.10
1 198.000 3.00 0.00 0.00 0.00
2 199.000 1.00 -0.00 -0.12 0.10
3 201.000 2.00 -0.00 -0.12 0.10
1 204.000 3.00 0.00 0.00 0.00
2 205.000 1.00 0.12 0.00 0.10
3 208.000 3.00 0.12 0.00 0.10
1 211.000 3.00 0.00 0.00 0.00
2 212.000 1.00 0.08 0.08 0.10
3 215.000 3.00 0.08 0.08 0.10
1 217.000 2.00 0.00 0.00 0.00
2 218.000 1.00 -0.00 -0.12 0.10
3 220.000 2.00 -0.00 -0.12 0.10
1 223.000 3.00 0.00 0.00 0.00
2 224.000 1.00 0.00 0.12 0.10
3 226.000 2.00 0.00 0.12 0.10
1 229.000 3.00 0.00 0.00 0.00
2 231.000 2.00 0.08 0.08 0.10
3 233.000 2.00 0.08 0.08 0.10
1 235.000 2.00 0.00 0.00 0.00
2 236.000 1.00 0.08 -0.08 0.10
3 238.000 2.00 0.08 -0.08 0.10
1 240.000 2.00 0.00 0.00 0.00
2 241.000 1.00 0.12 0.00 0.10
3 244.000 3.00 0.12 0.00 0.10
0 247.000 3.00 0.00 0.00 0.00
1 249.000 2.00 0.00 0.00 0.00
2 250.000 1.00 0.12 0.00 0.10
3 252.000 2.00 0.12 0.00 0.10
1 255.000 3.00 0.00 0.00 0.00
2 256.000 1.00 -0.12 0.00 0.10
3 258.000 2.00 -0.12 0.00 0.10
1 260.000 2.00 0.00 0.00 0.00
2 262.000 2.00 -0.08 0.08 0.10
3 265.000 3.00 -0.08 0.08 0.10
0 269.000 4.00 0.00 0.00 0.00
