0 8.000 8.00 0.00 0.00 0.00
1 11.000 3.00 0.00 0.00 0.00
2 14.000 3.00 -0.15 0.00 0.10
3 17.000 3.00 -0.15 0.00 0.10
1 19.000 2.00 0.00 0.00 0.00
2 21.000 2.00 -0.11 0.11 0.10
3 24.000 3.00 -0.11 0.11 0.10
1 27.000 3.00 0.00 0.00 0.00
2 30.000 3.00 -0.15 0.00 0.10
3 33.000 3.00 -0.15 0.00 0.10
1 35.000 2.00 0.00 0.00 0.00
2 36.000 1.00 -0.11 0.11 0.10
3 39.000 3.00 -0.11 0.11 0.10
1 41.000 2.00 0.00 0.00 0.00
2 44.000 3.00 -0.00 -0.15 0.10
3 47.000 3.00 -0.00 -0.15 0.10
1 51.000 4.00 0.00 0.00 0.00
2 53.000 2.00 0.15 0.00 0.10
3 56.000 3.00 0.15 0.00 0.10
1 60.000 4.00 0.00 0.00 0.00
2 61.000 1.00 -0.11 0.11 0.10
3 64.000 3.00 -0.11 0.11 0.10
1 66.000 2.00 0.00 0.00 0.00
2 68.000 2.00 -0.11 -0.11 0.10
3 71.000 3.00 -0.11 -0.11 0.10
1 74.000 3.00 0.00 0.00 0.00
2 76.000 2.00 -0.15 0.00 0.10
3 79.000 3.00 -0.15 0.00 0.10
1 82.000 3.00 0.00 0.00 0.00
2 83.000 1.00 -0.00 -0.15 0.10
3 86.000 3.00 -0.00 -0.15 0.10
1 88.000 2.00 0.00 0.00 0.00
2 89.000 1.00 -0.11 -0.11 0.10
3 92.000 3.00 -0.11 -0.11 0.10
1 94.000 2.00 0.00 0.00 0.00
2 97.000 3.00 -0.11 0.11 0.10
3 100.000 3.00 -0.11 0.11 0.10
1 103.000 3.00 0.00 0.00 0.00
2 104.000 1.00 -0.11 0.11 0.10
3 107.000 3.00 -0.11 0.11 0.10
0 110.000 3.00 0.00 0.00 0.00
1 114.000 4.00 0.00 0.00 0.00
2 115.000 1.00 0.11 -0.11 0.10
3 118.000 3.00 0.11 -0.11 0.10
1 122.000 4.00 0.00 0.00 0.00
2 124.000 2.00 0.11 0.11 0.10
3 127.000 3.00 0.11 0.11 0.10
1 130.000 3.00 0.00 0.00 0.00
2 131.000 1.00 0.15 0.00 0.10
3 134.000 3.00 0.15 0.00 0.10
1 138.000 4.00 0.00 0.00 0.00
2 140.000 2.00 0.15 0.00 0.10
3 143.000 3.00 0.15 0.00 0.10
1 146.000 3.00 0.00 0.00 0.00
2 148.000 2.00 0.00 0.15 0.10
3 151.000 3.00 0.00 0.15 0.10
1 155.000 4.00 0.00 0.00 0.00
2 156.000 1.00 0.11 -0.11 0.10
3 159.000 3.00 0.11 -0.11 0.10
0 162.000 3.00 0.00 0.00 0.00
1 165.000 3.00 0.00 0.00 0.00
2 168.000 3.00 0.00 0.15 0.10
3 171.000 3.00 0.00 0.15 0.10
1 174.000 3.00 0.00 0.00 0.00
2 176.000 2.00 0.15 0.00 0.10
3 179.000 3.00 0.15 0.00 0.10
1 181.000 2.00 0.00 0.00 0.00
2 183.000 2.00 0.00 0.15 0.10
3 186.000 3.00 0.00 0.15 0.10
0 189.000 3.00 0.00 0.00 0.00
0 192.000 3.00 0.00 0.00 0.00
0 195.000 3.00 0.00 0.00 0.00
1 197.000 2.00 0.00 0.00 0.00
2 200.000 3.00 -0.15 0.00 0.10
3 203.000 3.00 -0.15 0.00 0.10
1 207.000 4.00 0.00 0.00 0.00
2 210.000 3.00 -0.11 -0.11 0.10
3 213.000 3.00 -0.11 -0.11 0.10
1 216.000 3.00 0.00 0.00 0.00
2 218.000 2.00 -0.00 -0.15 0.10
3 221.000 3.00 -0.00 -0.15 0.10
1 224.000 3.00 0.00 0.00 0.00
2 227.000 3.00 -0.11 -0.11 0.10
3 230.000 3.00 -0.11 -0.11 0.10
1 232.000 2.00 0.00 0.00 0.00
2 233.000 1.00 -0.00 -0.15 0.10
3 236.000 3.00 -0.00 -0.15 0.10
1 240.000 4.00 0.00 0.00 0.00
2 243.000 3.00 0.11 0.11 0.10
3 246.000 3.00 0.11 0.11 0.10
1 249.000 3.00 0.00 0.00 0.00
2 252.000 3.00 0.11 0.11 0.10
3 255.000 3.00 0.11 0.11 0.10
1 259.000 4.00 0.00 0.00 0.00
2 262.000 3.00 0.00 0.15 0.10
3 265.000 3.00 0.00 0.15 0.10
1 268.000 3.00 0.00 0.00 0.00
2 270.000 2.00 0.11 -0.11 0.10
3 273.000 3.00 0.11 -0.11 0.10
1 276.000 3.00 0.00 0.00 0.00
2 279.000 3.00 -0.00 -0.15 0.10
3 282.000 3.00 -0.00 -0.15 0.10
1 285.000 3.00 0.00 0.00 0.00
2 288.000 3.00 0.11 -0.11 0.10
3 291.000 3.00 0.11 -0.11 0.10
1 294.000 3.00 0.00 0.00 0.00
2 296.000 2.00 0.15 0.00 0.10
3 299.000 3.00 0.15 0.00 0.10
1 303.000 4.00 0.00 0.00 0.00
2 305.000 2.00 0.11 -0.11 0.10
3 308.000 3.00 0.11 -0.11 0.10
1 312.000 4.00 0.00 0.00 0.00
2 313.000 1.00 -0.15 0.00 0.10
3 316.000 3.00 -0.15 0.00 0.10
1 319.000 3.00 0.00 0.00 0.00
2 320.000 1.00 0.11 0.11 0.10
3 323.000 3.00 0.11 0.11 0.10
1 326.000 3.00 0.00 0.00 0.00
2 329.000 3.00 0.00 0.15 0.10
3 332.000 3.00 0.00 0.15 0.10
1 336.000 4.00 0.00 0.00 0.00
2 338.000 2.00 -0.11 -0.11 0.10
3 341.000 3.00 -0.11 -0.11 0.10
1 345.000 4.00 0.00 0.00 0.00
2 348.000 3.00 0.11 0.11 0.10
3 351.000 3.00 0.11 0.11 0.10
0 354.000 3.00 0.00 0.00 0.00
