0 8.000 8.00 0.00 0.00 0.00
1 10.000 2.00 0.00 0.00 0.00
2 12.000 2.00 0.00 0.12 0.10
3 14.000 2.00 0.00 0.12 0.10
1 16.000 2.00 0.00 0.00 0.00
2 18.000 2.00 -0.08 -0.08 0.10
3 21.000 3.00 -0.08 -0.08 0.10
1 24.000 3.00 0.00 0.00 0.00
2 26.000 2.00 -0.00 -0.12 0.10
3 28.000 2.00 -0.00 -0.12 0.10
1 30.000 2.00 0.00 0.00 0.00
2 32.000 2.00 0.12 0.00 0.10
3 34.000 2.00 0.12 0.00 0.10
0 37.000 3.00 0.00 0.00 0.00
1 40.000 3.00 0.00 0.00 0.00
2 41.000 1.00 -0.08 0.08 0.10
3 43.000 2.00 -0.08 0.08 0.10
1 45.000 2.00 0.00 0.00 0.00
2 46.000 1.00 0.12 0.00 0.10
3 48.000 2.00 0.12 0.00 0.10
1 50.000 2.00 0.00 0.00 0.00
2 52.000 2.00 0.08 0.08 0.10
3 54.000 2.00 0.08 0.08 0.10
1 56.000 2.00 0.00 0.00 0.00
2 58.000 2.00 -0.00 -0.12 0.10
3 60.000 2.00 -0.00 -0.12 0.10
1 63.000 3.00 0.00 0.00 0.00
2 65.000 2.00 -0.08 -0.08 0.10
3 67.000 2.00 -0.08 -0.08 0.10
1 69.000 2.00 0.00 0.00 0.00
2 70.000 1.00 -0.12 0.00 0.10
3 72.000 2.00 -0.12 0.00 0.10
1 75.000 3.00 0.00 0.00 0.00
2 76.000 1.00 -0.00 -0.12 0.10
3 78.000 2.00 -0.00 -0.12 0.10
1 80.000 2.00 0.00 0.00 0.00
2 81.000 1.00 -0.08 0.08 0.10
3 84.000 3.00 -0.08 0.08 0.10
1 87.000 3.00 0.00 0.00 0.00
2 89.000 2.00 0.12 0.00 0.10
3 91.000 2.00 0.12 0.00 0.10
1 93.000 2.00 0.00 0.00 0.00
2 95.000 2.00 0.00 0.12 0.10
3 98.000 3.00 0.00 0.12 0.10
1 101.000 3.00 0.00 0.00 0.00
2 103.000 2.00 -0.12 0.00 0.10
3 105.000 2.00 -0.12 0.00 0.10
1 108.000 3.00 0.00 0.00 0.00
2 109.000 1.00 0.00 0.12 0.10
3 112.000 3.00 0.00 0.12 0.10
1 114.000 2.00 0.00 0.00 0.00
2 115.000 1.00 -0.08 0.08 0.10
3 118.000 3.00 -0.08 0.08 0.10
1 120.000 2.00 0.00 0.00 0.00
2 121.000 1.00 -0.08 -0.08 0.10
3 124.000 3.00 -0.08 -0.08 0.10
1 127.000 3.00 0.00 0.00 0.00
2 128.000 1.00 0.08 -0.08 0.10
3 130.000 2.00 0.08 -0.08 0.10
1 133.000 3.00 0.00 0.00 0.00
2 134.000 1.00 -0.12 0.00 0.10
3 136.000 2.00 -0.12 0.00 0.10
0 139.000 3.00 0.00 0.00 0.00
1 142.000 3.00 0.00 0.00 0.00
2 143.000 1.00 0.00 0.12 0.10
3 145.000 2.00 0.00 0.12 0.10
1 147.000 2.00 0.00 0.00 0.00
2 148.000 1.00 -0.12 0.00 0.10
3 150.000 2.00 -0.12 0.00 0.10
1 152.000 2.00 0.00 0.00 0.00
2 153.000 1.00 0.08 0.08 0.10
3 156.000 3.00 0.08 0.08 0.10
1 159.000 3.00 0.00 0.00 0.00
2 160.000 1.00 -0.08 -0.08 0.10
3 162.000 2.00 -0.08 -0.08 0.10
1 164.000 2.00 0.00 0.00 0.00
2 165.000 1.00 -0.08 -0.08 0.10
3 168.000 3.00 -0.08 -0.08 0.10
1 170.000 2.00 0.00 0.00 0.00
2 171.000 1.00 0.08 -0.08 0.10
3 173.000 2.00 0.08 -0.08 0.10
1 175.000 2.00 0.00 0.00 0.00
2 176.000 1.00 -0.08 0.08 0.10
3 179.000 3.00 -0.08 0.08 0.10
1 181.000 2.00 0.00 0.00 0.00
2 182.000 1.00 0.12 0.00 0.10
3 184.000 2.00 0.12 0.00 0.10
1 186.000 2.00 0.00 0.00 0.00
2 187.000 1.00 -0.12 0.00 0.10
3 189.000 2.00 -0.12 0.00 0.10
1 191.000 2.00 0.00 0.00 0.00
2 192.000 1.00 0.08 0.08 0.10
3 195.000 3.00 0.08 0.08 0.10
1 197.000 2.00 0.00 0.00 0.00
2 199.000 2.00 -0.08 0.08 0.10
3 201.000 2.00 -0.08 0.08 0.10
1 204.000 3.00 0.00 0.00 0.00
2 205.000 1.00 -0.00 -0.12 0.10
3 208.000 3.00 -0.00 -0.12 0.10
0 211.000 3.00 0.00 0.00 0.00
1 213.000 2.00 0.00 0.00 0.00
2 215.000 2.00 0.08 0.08 0.10
3 217.000 2.00 0.08 0.08 0.10
0 220.000 3.00 0.00 0.00 0.00
1 222.000 2.00 0.00 0.00 0.00
2 223.000 1.00 0.08 -0.08 0.10
3 226.000 3.00 0.08 -0.08 0.10
1 228.000 2.00 0.00 0.00 0.00
2 229.000 1.00 0.00 0.12 0.10
3 231.000 2.00 0.00 0.12 0.10
1 234.000 3.00 0.00 0.00 0.00
2 235.000 1.00 0.12 0.00 0.10
3 237.000 2.00 0.12 0.00 0.10
1 239.000 2.00 0.00 0.00 0.00
2 241.000 2.00 0.08 0.08 0.10
3 244.000 3.00 0.08 0.08 0.10
0 247.000 3.00 0.00 0.00 0.00
1 249.000 2.00 0.00 0.00 0.00
2 250.000 1.00 0.08 -0.08 0.10
3 252.000 2.00 0.08 -0.08 0.10
1 255.000 3.00 0.00 0.00 0.00
2 256.000 1.00 -0.00 -0.12 0.10
3 259.000 3.00 -0.00 -0.12 0.10
1 261.000 2.00 0.00 0.00 0.00
2 263.000 2.00 0.08 -0.08 0.10
3 265.000 2.00 0.08 -0.08 0.10
0 269.000 4.00 0.00 0.00 0.00
