0 8.000 8.00 0.00 0.00 0.00
1 10.000 2.00 0.00 0.00 0.00
2 11.000 1.00 -0.00 -0.12 0.10
3 13.000 2.00 -0.00 -0.12 0.10
1 15.000 2.00 0.00 0.00 0.00
2 16.000 1.00 -0.12 0.00 0.10
3 18.000 2.00 -0.12 0.00 0.10
1 20.000 2.00 0.00 0.00 0.00
2 21.000 1.00 0.00 0.12 0.10
3 24.000 3.00 0.00 0.12 0.10
1 26.000 2.00 0.00 0.00 0.00
2 27.000 1.00 -0.08 -0.08 0.10
3 30.000 3.00 -0.08 -0.08 0.10
1 33.000 3.00 0.00 0.00 0.00
2 35.000 2.00 -0.08 0.08 0.10
3 38.000 3.00 -0.08 0.08 0.10
1 40.000 2.00 0.00 0.00 0.00
2 41.000 1.00 -0.12 0.00 0.10
3 43.000 2.00 -0.12 0.00 0.10
0 46.000 3.00 0.00 0.00 0.00
1 48.000 2.00 0.00 0.00 0.00
2 49.000 1.00 0.08 -0.08 0.10
3 51.000 2.00 0.08 -0.08 0.10
1 53.000 2.00 0.00 0.00 0.00
2 54.000 1.00 -0.08 0.08 0.10
3 56.000 2.00 -0.08 0.08 0.10
1 58.000 2.00 0.00 0.00 0.00
2 59.000 1.00 0.08 0.08 0.10
3 61.000 2.00 0.08 0.08 0.10
1 63.000 2.00 0.00 0.00 0.00
2 65.000 2.00 -0.00 -0.12 0.10
3 67.000 2.00 -0.00 -0.12 0.10
0 70.000 3.00 0.00 0.00 0.00
0 73.000 3.00 0.00 0.00 0.00
1 76.000 3.00 0.00 0.00 0.00
2 78.000 2.00 0.00 0.12 0.10
3 81.000 3.00 0.00 0.12 0.10
1 83.000 2.00 0.00 0.00 0.00
2 85.000 2.00 -0.00 -0.12 0.10
3 87.000 2.00 -0.00 -0.12 0.10
1 90.000 3.00 0.00 0.00 0.00
2 91.000 1.00 0.08 -0.08 0.10
3 94.000 3.00 0.08 -0.08 0.10
1 97.000 3.00 0.00 0.00 0.00
2 99.000 2.00 0.08 -0.08 0.10
3 102.000 3.00 0.08 -0.08 0.10
1 104.000 2.00 0.00 0.00 0.00
2 106.000 2.00 -0.08 0.08 0.10
3 109.000 3.00 -0.08 0.08 0.10
1 111.000 2.00 0.00 0.00 0.00
2 112.000 1.00 -0.12 0.00 0.10
3 114.000 2.00 -0.12 0.00 0.10
1 116.000 2.00 0.00 0.00 0.00
2 118.000 2.00 0.12 0.00 0.10
3 120.000 2.00 0.12 0.00 0.10
1 122.000 2.00 0.00 0.00 0.00
2 123.000 1.00 0.12 0.00 0.10
3 126.000 3.00 0.12 0.00 0.10
1 128.000 2.00 0.00 0.00 0.00
2 130.000 2.00 0.00 0.12 0.10
3 132.000 2.00 0.00 0.12 0.10
1 134.000 2.00 0.00 0.00 0.00
2 135.000 1.00 -0.00 -0.12 0.10
3 137.000 2.00 -0.00 -0.12 0.10
1 139.000 2.00 0.00 0.00 0.00
2 140.000 1.00 -0.08 0.08 0.10
3 142.000 2.00 -0.08 0.08 0.10
0 145.000 3.00 0.00 0.00 0.00
1 147.000 2.00 0.00 0.00 0.00
2 149.000 2.00 -0.12 0.00 0.10
3 152.000 3.00 -0.12 0.00 0.10
0 155.000 3.00 0.00 0.00 0.00
1 157.000 2.00 0.00 0.00 0.00
2 158.000 1.00 -0.00 -0.12 0.10
3 160.000 2.00 -0.00 -0.12 0.10
1 163.000 3.00 0.00 0.00 0.00
2 164.000 1.00 -0.08 -0.08 0.10
3 166.000 2.00 -0.08 -0.08 0.10
1 168.000 2.00 0.00 0.00 0.00
2 169.000 1.00 -0.12 0.00 0.10
3 171.000 2.00 -0.12 0.00 0.10
1 174.000 3.00 0.00 0.00 0.00
2 176.000 2.00 0.00 0.12 0.10
3 179.000 3.00 0.00 0.12 0.10
1 181.000 2.00 0.00 0.00 0.00
2 182.000 1.00 0.08 0.08 0.10
3 185.000 3.00 0.08 0.08 0.10
1 188.000 3.00 0.00 0.00 0.00
2 189.000 1.00 0.12 0.00 0.10
3 191.000 2.00 0.12 0.00 0.10
1 193.000 2.00 0.00 0.00 0.00
2 195.000 2.00 0.08 0.08 0.10
3 198.000 3.00 0.08 0.08 0.10
1 201.000 3.00 0.00 0.00 0.00
2 203.000 2.00 -0.08 -0.08 0.10
3 205.000 2.00 -0.08 -0.08 0.10
1 207.000 2.00 0.00 0.00 0.00
2 208.000 1.00 -0.08 -0.08 0.10
3 210.000 2.00 -0.08 -0.08 0.10
1 212.000 2.00 0.00 0.00 0.00
2 213.000 1.00 -0.08 0.08 0.10
3 215.000 2.00 -0.08 0.08 0.10
1 218.000 3.00 0.00 0.00 0.00
2 220.000 2.00 0.08 -0.08 0.10
3 222.000 2.00 0.08 -0.08 0.10
1 225.000 3.00 0.00 0.00 0.00
2 226.000 1.00 0.12 0.00 0.10
3 228.000 2.00 0.12 0.00 0.10
1 230.000 2.00 0.00 0.00 0.00
2 231.000 1.00 -0.08 -0.08 0.10
3 234.000 3.00 -0.08 -0.08 0.10
1 237.000 3.00 0.00 0.00 0.00
2 239.000 2.00 0.08 0.08 0.10
3 241.000 2.00 0.08 0.08 0.10
1 243.000 2.00 0.00 0.00 0.00
2 245.000 2.00 0.12 0.00 0.10
3 247.000 2.00 0.12 0.00 0.10
1 249.000 2.00 0.00 0.00 0.00
2 250.000 1.00 0.00 0.12 0.10
3 253.000 3.00 0.00 0.12 0.10
1 255.000 2.00 0.00 0.00 0.00
2 256.000 1.00 0.08 -0.08 0.10
3 259.000 3.00 0.08 -0.08 0.10
1 261.000 2.00 0.00 0.00 0.00
2 262.000 1.00 0.08 0.08 0.10
3 265.000 3.00 0.08 0.08 0.10
0 269.000 4.00 0.00 0.00 0.00
