0 8.000 8.00 0.00 0.00 0.00
1 11.000 3.00 0.00 0.00 0.00
2 12.000 1.00 -0.08 -0.08 0.10
3 15.000 3.00 -0.08 -0.08 0.10
1 17.000 2.00 0.00 0.00 0.00
2 19.000 2.00 0.12 0.00 0.10
3 21.000 2.00 0.12 0.00 0.10
1 23.000 2.00 0.00 0.00 0.00
2 24.000 1.00 0.08 -0.08 0.10
3 27.000 3.00 0.08 -0.08 0.10
1 29.000 2.00 0.00 0.00 0.00
2 31.000 2.00 -0.08 0.08 0.10
3 33.000 2.00 -0.08 0.08 0.10
0 36.000 3.00 0.00 0.00 0.00
1 39.000 3.00 0.00 0.00 0.00
2 41.000 2.00 -0.00 -0.12 0.10
3 43.000 2.00 -0.00 -0.12 0.10
1 45.000 2.00 0.00 0.00 0.00
2 46.000 1.00 0.08 0.08 0.10
3 48.000 2.00 0.08 0.08 0.10
1 51.000 3.00 0.00 0.00 0.00
2 53.000 2.00 -0.12 0.00 0.10
3 55.000 2.00 -0.12 0.00 0.10
1 58.000 3.00 0.00 0.00 0.00
2 59.000 1.00 -0.08 -0.08 0.10
3 61.000 2.00 -0.08 -0.08 0.10
1 63.000 2.00 0.00 0.00 0.00
2 65.000 2.00 -0.12 0.00 0.10
3 67.000 2.00 -0.12 0.00 0.10
1 69.000 2.00 0.00 0.00 0.00
2 70.000 1.00 0.00 0.12 0.10
3 73.000 3.00 0.00 0.12 0.10
1 76.000 3.00 0.00 0.00 0.00
2 77.000 1.00 0.12 0.00 0.10
3 80.000 3.00 0.12 0.00 0.10
1 83.000 3.00 0.00 0.00 0.00
2 84.000 1.00 0.08 -0.08 0.10
3 86.000 2.00 0.08 -0.08 0.10
1 88.000 2.00 0.00 0.00 0.00
2 90.000 2.00 -0.08 -0.08 0.10
3 92.000 2.00 -0.08 -0.08 0.10
1 95.000 3.00 0.00 0.00 0.00
2 97.000 2.00 0.12 0.00 0.10
3 100.000 3.00 0.12 0.00 0.10
0 103.000 3.00 0.00 0.00 0.00
1 105.000 2.00 0.00 0.00 0.00
2 106.000 1.00 -0.00 -0.12 0.10
3 109.000 3.00 -0.00 -0.12 0.10
1 111.000 2.00 0.00 0.00 0.00
2 112.000 1.00 0.08 -0.08 0.10
3 115.000 3.00 0.08 -0.08 0.10
0 118.000 3.00 0.00 0.00 0.00
1 120.000 2.00 0.00 0.00 0.00
2 121.000 1.00 -0.12 0.00 0.10
3 124.000 3.00 -0.12 0.00 0.10
1 126.000 2.00 0.00 0.00 0.00
2 127.000 1.00 -0.08 0.08 0.10
3 129.000 2.00 -0.08 0.08 0.10
1 131.000 2.00 0.00 0.00 0.00
2 132.000 1.00 -0.00 -0.12 0.10
3 134.000 2.00 -0.00 -0.12 0.10
1 136.000 2.00 0.00 0.00 0.00
2 137.000 1.00 0.08 0.08 0.10
3 140.000 3.00 0.08 0.08 0.10
1 143.000 3.00 0.00 0.00 0.00
2 144.000 1.00 -0.08 -0.08 0.10
3 146.000 2.00 -0.08 -0.08 0.10
1 149.000 3.00 0.00 0.00 0.00
2 150.000 1.00 0.08 0.08 0.10
3 152.000 2.00 0.08 0.08 0.10
1 155.000 3.00 0.00 0.00 0.00
2 157.000 2.00 0.08 -0.08 0.10
3 160.000 3.00 0.08 -0.08 0.10
1 162.000 2.00 0.00 0.00 0.00
2 163.000 1.00 -0.08 0.08 0.10
3 166.000 3.00 -0.08 0.08 0.10
1 168.000 2.00 0.00 0.00 0.00
2 169.000 1.00 0.08 0.08 0.10
3 171.000 2.00 0.08 0.08 0.10
0 174.000 3.00 0.00 0.00 0.00
1 177.000 3.00 0.00 0.00 0.00
2 178.000 1.00 -0.08 0.08 0.10
3 181.000 3.00 -0.08 0.08 0.10
1 183.000 2.00 0.00 0.00 0.00
2 185.000 2.00 -0.00 -0.12 0.10
3 187.000 2.00 -0.00 -0.12 0.10
1 189.000 2.00 0.00 0.00 0.00
2 190.000 1.00 0.08 -0.08 0.10
3 192.000 2.00 0.08 -0.08 0.10
0 195.000 3.00 0.00 0.00 0.00
1 197.000 2.00 0.00 0.00 0.00
2 199.000 2.00 0.00 0.12 0.10
3 201.000 2.00 0.00 0.12 0.10
1 203.000 2.00 0.00 0.00 0.00
2 205.000 2.00 -0.12 0.00 0.10
3 207.000 2.00 -0.12 0.00 0.10
1 209.000 2.00 0.00 0.00 0.00
2 210.000 1.00 0.08 0.08 0.10
3 212.000 2.00 0.08 0.08 0.10
1 215.000 3.00 0.00 0.00 0.00
2 216.000 1.00 0.12 0.00 0.10
3 218.000 2.00 0.12 0.00 0.10
1 221.000 3.00 0.00 0.00 0.00
2 223.000 2.00 -0.08 -0.08 0.10
3 225.000 2.00 -0.08 -0.08 0.10
1 227.000 2.00 0.00 0.00 0.00
2 228.000 1.00 0.00 0.12 0.10
3 231.000 3.00 0.00 0.12 0.10
1 233.000 2.00 0.00 0.00 0.00
2 235.000 2.00 -0.08 0.08 0.10
3 237.000 2.00 -0.08 0.08 0.10
1 240.000 3.00 0.00 0.00 0.00
2 241.000 1.00 0.12 0.00 0.10
3 243.000 2.00 0.12 0.00 0.10
1 246.000 3.00 0.00 0.00 0.00
2 248.000 2.00 -0.12 0.00 0.10
3 250.000 2.00 -0.12 0.00 0.10
1 252.000 2.00 0.00 0.00 0.00
2 253.000 1.00 0.00 0.12 0.10
3 255.000 2.00 0.00 0.12 0.10
1 257.000 2.00 0.00 0.00 0.00
2 259.000 2.00 0.00 0.12 0.10
3 261.000 2.00 0.00 0.12 0.10
1 263.000 2.00 0.00 0.00 0.00
2 264.000 1.00 -0.00 -0.12 0.10
3 266.000 2.00 -0.00 -0.12 0.10
0 269.000 3.00 0.00 0.00 0.00
