0 8.000 8.00 0.00 0.00 0.00
1 10.000 2.00 0.00 0.00 0.00
2 11.000 1.00 0.00 0.12 0.10
3 13.000 2.00 0.00 0.12 0.10
1 15.000 2.00 0.00 0.00 0.00
2 16.000 1.00 -0.00 -0.12 0.10
3 19.000 3.00 -0.00 -0.12 0.10
1 21.000 2.00 0.00 0.00 0.00
2 22.000 1.00 0.08 -0.08 0.10
3 24.000 2.00 0.08 -0.08 0.10
1 27.000 3.00 0.00 0.00 0.00
2 28.000 1.00 -0.00 -0.12 0.10
3 31.000 3.00 -0.00 -0.12 0.10
1 33.000 2.00 0.00 0.00 0.00
2 34.000 1.00 0.08 -0.08 0.10
3 37.000 3.00 0.08 -0.08 0.10
1 39.000 2.00 0.00 0.00 0.00
2 41.000 2.00 0.08 -0.08 0.10
3 43.000 2.00 0.08 -0.08 0.10
1 46.000 3.00 0.00 0.00 0.00
2 47.000 1.00 -0.08 -0.08 0.10
3 49.000 2.00 -0.08 -0.08 0.10
1 52.000 3.00 0.00 0.00 0.00
2 53.000 1.00 0.00 0.12 0.10
3 55.000 2.00 0.00 0.12 0.10
1 57.000 2.00 0.00 0.00 0.00
2 58.000 1.00 -0.08 0.08 0.10
3 60.000 2.00 -0.08 0.08 0.10
1 62.000 2.00 0.00 0.00 0.00
2 63.000 1.00 0.08 0.08 0.10
3 65.000 2.00 0.08 0.08 0.10
1 67.000 2.00 0.00 0.00 0.00
2 69.000 2.00 0.12 0.00 0.10
3 72.000 3.00 0.12 0.00 0.10
1 75.000 3.00 0.00 0.00 0.00
2 77.000 2.00 -0.12 0.00 0.10
3 79.000 2.00 -0.12 0.00 0.10
1 81.000 2.00 0.00 0.00 0.00
2 83.000 2.00 0.00 0.12 0.10
3 86.000 3.00 0.00 0.12 0.10
0 89.000 3.00 0.00 0.00 0.00
1 92.000 3.00 0.00 0.00 0.00
2 93.000 1.00 0.12 0.00 0.10
3 96.000 3.00 0.12 0.00 0.10
1 99.000 3.00 0.00 0.00 0.00
2 100.000 1.00 -0.12 0.00 0.10
3 102.000 2.00 -0.12 0.00 0.10
1 104.000 2.00 0.00 0.00 0.00
2 105.000 1.00 -0.08 -0.08 0.10
3 108.000 3.00 -0.08 -0.08 0.10
0 111.000 3.00 0.00 0.00 0.00
1 114.000 3.00 0.00 0.00 0.00
2 116.000 2.00 0.08 -0.08 0.10
3 118.000 2.00 0.08 -0.08 0.10
1 120.000 2.00 0.00 0.00 0.00
2 121.000 1.00 0.08 0.08 0.10
3 123.000 2.00 0.08 0.08 0.10
1 125.000 2.00 0.00 0.00 0.00
2 126.000 1.00 -0.12 0.00 0.10
3 128.000 2.00 -0.12 0.00 0.10
1 131.000 3.00 0.00 0.00 0.00
2 132.000 1.00 0.12 0.00 0.10
3 135.000 3.00 0.12 0.00 0.10
1 137.000 2.00 0.00 0.00 0.00
2 138.000 1.00 -0.12 0.00 0.10
3 140.000 2.00 -0.12 0.00 0.10
1 143.000 3.00 0.00 0.00 0.00
2 144.000 1.00 -0.00 -0.12 0.10
3 146.000 2.00 -0.00 -0.12 0.10
1 149.000 3.00 0.00 0.00 0.00
2 150.000 1.00 0.08 0.08 0.10
3 153.000 3.00 0.08 0.08 0.10
1 155.000 2.00 0.00 0.00 0.00
2 156.000 1.00 0.08 0.08 0.10
3 158.000 2.00 0.08 0.08 0.10
1 161.000 3.00 0.00 0.00 0.00
2 162.000 1.00 -0.08 0.08 0.10
3 164.000 2.00 -0.08 0.08 0.10
1 167.000 3.00 0.00 0.00 0.00
2 169.000 2.00 -0.00 -0.12 0.10
3 172.000 3.00 -0.00 -0.12 0.10
0 175.000 3.00 0.00 0.00 0.00
1 178.000 3.00 0.00 0.00 0.00
2 179.000 1.00 -0.08 -0.08 0.10
3 181.000 2.00 -0.08 -0.08 0.10
1 183.000 2.00 0.00 0.00 0.00
2 184.000 1.00 0.00 0.12 0.10
3 186.000 2.00 0.00 0.12 0.10
1 188.000 2.00 0.00 0.00 0.00
2 190.000 2.00 -0.08 0.08 0.10
3 193.000 3.00 -0.08 0.08 0.10
0 196.000 3.00 0.00 0.00 0.00
1 198.000 2.00 0.00 0.00 0.00
2 199.000 1.00 -0.08 0.08 0.10
3 201.000 2.00 -0.08 0.08 0.10
1 203.000 2.00 0.00 0.00 0.00
2 205.000 2.00 0.12 0.00 0.10
3 207.000 2.00 0.12 0.00 0.10
1 210.000 3.00 0.00 0.00 0.00
2 211.000 1.00 0.08 0.08 0.10
3 213.000 2.00 0.08 0.08 0.10
1 215.000 2.00 0.00 0.00 0.00
2 217.000 2.00 -0.00 -0.12 0.10
3 219.000 2.00 -0.00 -0.12 0.10
0 222.000 3.00 0.00 0.00 0.00
1 224.000 2.00 0.00 0.00 0.00
2 226.000 2.00 -0.08 -0.08 0.10
3 228.000 2.00 -0.08 -0.08 0.10
1 231.000 3.00 0.00 0.00 0.00
2 233.000 2.00 -0.08 -0.08 0.10
3 235.000 2.00 -0.08 -0.08 0.10
1 237.000 2.00 0.00 0.00 0.00
2 238.000 1.00 0.08 -0.08 0.10
3 240.000 2.00 0.08 -0.08 0.10
1 242.000 2.00 0.00 0.00 0.00
2 243.000 1.00 -0.12 0.00 0.10
3 246.000 3.00 -0.12 0.00 0.10
1 249.000 3.00 0.00 0.00 0.00
2 250.000 1.00 0.12 0.00 0.10
3 252.000 2.00 0.12 0.00 0.10
1 255.000 3.00 0.00 0.00 0.00
2 257.000 2.00 0.00 0.12 0.10
3 259.000 2.00 0.00 0.12 0.10
1 261.000 2.00 0.00 0.00 0.00
2 262.000 1.00 -0.08 0.08 0.10
3 265.000 3.00 -0.08 0.08 0.10
0 269.000 4.00 0.00 0.00 0.00
