0 8.000 8.00 0.00 0.00 0.00
1 12.000 4.00 0.00 0.00 0.00
2 14.000 2.00 -0.15 0.00 0.10
3 17.000 3.00 -0.15 0.00 0.10
0 20.000 3.00 0.00 0.00 0.00
1 22.000 2.00 0.00 0.00 0.00
2 24.000 2.00 0.00 0.15 0.10
3 27.000 3.00 0.00 0.15 0.10
0 30.000 3.00 0.00 0.00 0.00
1 34.000 4.00 0.00 0.00 0.00
2 35.000 1.00 0.15 0.00 0.10
3 38.000 3.00 0.15 0.00 0.10
1 40.000 2.00 0.00 0.00 0.00
2 41.000 1.00 0.00 0.15 0.10
3 44.000 3.00 0.00 0.15 0.10
1 48.000 4.00 0.00 0.00 0.00
2 49.000 1.00 -0.00 -0.15 0.10
3 52.000 3.00 -0.00 -0.15 0.10
1 55.000 3.00 0.00 0.00 0.00
2 56.000 1.00 -0.00 -0.15 0.10
3 59.000 3.00 -0.00 -0.15 0.10
1 61.000 2.00 0.00 0.00 0.00
2 62.000 1.00 -0.15 0.00 0.10
3 65.000 3.00 -0.15 0.00 0.10
1 67.000 2.00 0.00 0.00 0.00
2 70.000 3.00 0.11 -0.11 0.10
3 73.000 3.00 0.11 -0.11 0.10
1 77.000 4.00 0.00 0.00 0.00
2 78.000 1.00 0.11 0.11 0.10
3 81.000 3.00 0.11 0.11 0.10
1 84.000 3.00 0.00 0.00 0.00
2 85.000 1.00 0.11 0.11 0.10
3 88.000 3.00 0.11 0.11 0.10
1 91.000 3.00 0.00 0.00 0.00
2 93.000 2.00 0.11 0.11 0.10
3 96.000 3.00 0.11 0.11 0.10
1 100.000 4.00 0.00 0.00 0.00
2 102.000 2.00 -0.15 0.00 0.10
3 105.000 3.00 -0.15 0.00 0.10
1 107.000 2.00 0.00 0.00 0.00
2 110.000 3.00 -0.11 -0.11 0.10
3 113.000 3.00 -0.11 -0.11 0.10
0 116.000 3.00 0.00 0.00 0.00
1 120.000 4.00 0.00 0.00 0.00
2 122.000 2.00 -0.11 0.11 0.10
3 125.000 3.00 -0.11 0.11 0.10
1 129.000 4.00 0.00 0.00 0.00
2 131.000 2.00 0.15 0.00 0.10
3 134.000 3.00 0.15 0.00 0.10
1 137.000 3.00 0.00 0.00 0.00
2 139.000 2.00 0.15 0.00 0.10
3 142.000 3.00 0.15 0.00 0.10
1 144.000 2.00 0.00 0.00 0.00
2 146.000 2.00 0.00 0.15 0.10
3 149.000 3.00 0.00 0.15 0.10
1 151.000 2.00 0.00 0.00 0.00
2 154.000 3.00 -0.11 0.11 0.10
3 157.000 3.00 -0.11 0.11 0.10
1 161.000 4.00 0.00 0.00 0.00
2 164.000 3.00 0.11 -0.11 0.10
3 167.000 3.00 0.11 -0.11 0.10
1 171.000 4.00 0.00 0.00 0.00
2 174.000 3.00 -0.11 -0.11 0.10
3 177.000 3.00 -0.11 -0.11 0.10
1 180.000 3.00 0.00 0.00 0.00
2 181.000 1.00 -0.11 0.11 0.10
3 184.000 3.00 -0.11 0.11 0.10
0 187.000 3.00 0.00 0.00 0.00
1 189.000 2.00 0.00 0.00 0.00
2 191.000 2.00 0.00 0.15 0.10
3 194.000 3.00 0.00 0.15 0.10
1 198.000 4.00 0.00 0.00 0.00
2 201.000 3.00 -0.15 0.00 0.10
3 204.000 3.00 -0.15 0.00 0.10
1 208.000 4.00 0.00 0.00 0.00
2 211.000 3.00 0.11 -0.11 0.10
3 214.000 3.00 0.11 -0.11 0.10
1 217.000 3.00 0.00 0.00 0.00
2 218.000 1.00 -0.00 -0.15 0.10
3 221.000 3.00 -0.00 -0.15 0.10
1 225.000 4.00 0.00 0.00 0.00
2 226.000 1.00 -0.11 0.11 0.10
3 229.000 3.00 -0.11 0.11 0.10
1 233.000 4.00 0.00 0.00 0.00
2 236.000 3.00 -0.15 0.00 0.10
3 239.000 3.00 -0.15 0.00 0.10
1 242.000 3.00 0.00 0.00 0.00
2 244.000 2.00 -0.00 -0.15 0.10
3 247.000 3.00 -0.00 -0.15 0.10
1 251.000 4.00 0.00 0.00 0.00
2 254.000 3.00 0.11 -0.11 0.10
3 257.000 3.00 0.11 -0.11 0.10
0 260.000 3.00 0.00 0.00 0.00
1 264.000 4.00 0.00 0.00 0.00
2 266.000 2.00 0.00 0.15 0.10
3 269.000 3.00 0.00 0.15 0.10
1 271.000 2.00 0.00 0.00 0.00
2 273.000 2.00 -0.11 -0.11 0.10
3 276.000 3.00 -0.11 -0.11 0.10
1 278.000 2.00 0.00 0.00 0.00
2 281.000 3.00 -0.00 -0.15 0.10
3 284.000 3.00 -0.00 -0.15 0.10
1 287.000 3.00 0.00 0.00 0.00
2 289.000 2.00 0.15 0.00 0.10
3 292.000 3.00 0.15 0.00 0.10
1 294.000 2.00 0.00 0.00 0.00
2 297.000 3.00 0.11 -0.11 0.10
3 300.000 3.00 0.11 -0.11 0.10
1 304.000 4.00 0.00 0.00 0.00
2 306.000 2.00 0.11 0.11 0.10
3 309.000 3.00 0.11 0.11 0.10
1 311.000 2.00 0.00 0.00 0.00
2 314.000 3.00 0.15 0.00 0.10
3 317.000 3.00 0.15 0.00 0.10
1 321.000 4.00 0.00 0.00 0.00
2 323.000 2.00 -0.11 0.11 0.10
3 326.000 3.00 -0.11 0.11 0.10
1 330.000 4.00 0.00 0.00 0.00
2 333.000 3.00 0.11 0.11 0.10
3 336.000 3.00 0.11 0.11 0.10
1 338.000 2.00 0.00 0.00 0.00
2 341.000 3.00 -0.11 -0.11 0.10
3 344.000 3.00 -0.11 -0.11 0.10
1 347.000 3.00 0.00 0.00 0.00
2 348.000 1.00 -0.11 -0.11 0.10
3 351.000 3.00 -0.11 -0.11 0.10
0 354.000 3.00 0.00 0.00 0.00
