0 8.000 8.00 0.00 0.00 0.00
1 10.000 2.00 0.00 0.00 0.00
2 13.000 3.00 -0.11 0.11 0.10
3 16.000 3.00 -0.11 0.11 0.10
1 19.000 3.00 0.00 0.00 0.00
2 22.000 3.00 0.15 0.00 0.10
3 25.000 3.00 0.15 0.00 0.10
1 29.000 4.00 0.00 0.00 0.00
2 32.000 3.00 -0.15 0.00 0.10
3 35.000 3.00 -0.15 0.00 0.10
1 38.000 3.00 0.00 0.00 0.00
2 41.000 3.00 0.11 0.11 0.10
3 44.000 3.00 0.11 0.11 0.10
1 46.000 2.00 0.00 0.00 0.00
2 49.000 3.00 -0.11 -0.11 0.10
3 52.000 3.00 -0.11 -0.11 0.10
1 56.000 4.00 0.00 0.00 0.00
2 59.000 3.00 0.11 0.11 0.10
3 62.000 3.00 0.11 0.11 0.10
1 64.000 2.00 0.00 0.00 0.00
2 66.000 2.00 0.00 0.15 0.10
3 69.000 3.00 0.00 0.15 0.10
1 72.000 3.00 0.00 0.00 0.00
2 73.000 1.00 0.00 0.15 0.10
3 76.000 3.00 0.00 0.15 0.10
1 80.000 4.00 0.00 0.00 0.00
2 83.000 3.00 -0.15 0.00 0.10
3 86.000 3.00 -0.15 0.00 0.10
1 88.000 2.00 0.00 0.00 0.00
2 91.000 3.00 0.15 0.00 0.10
3 94.000 3.00 0.15 0.00 0.10
0 97.000 3.00 0.00 0.00 0.00
1 99.000 2.00 0.00 0.00 0.00
2 102.000 3.00 0.11 -0.11 0.10
3 105.000 3.00 0.11 -0.11 0.10
1 107.000 2.00 0.00 0.00 0.00
2 109.000 2.00 0.15 0.00 0.10
3 112.000 3.00 0.15 0.00 0.10
1 115.000 3.00 0.00 0.00 0.00
2 117.000 2.00 0.00 0.15 0.10
3 120.000 3.00 0.00 0.15 0.10
1 124.000 4.00 0.00 0.00 0.00
2 125.000 1.00 0.11 -0.11 0.10
3 128.000 3.00 0.11 -0.11 0.10
1 131.000 3.00 0.00 0.00 0.00
2 134.000 3.00 -0.00 -0.15 0.10
3 137.000 3.00 -0.00 -0.15 0.10
1 140.000 3.00 0.00 0.00 0.00
2 141.000 1.00 0.11 0.11 0.10
3 144.000 3.00 0.11 0.11 0.10
1 147.000 3.00 0.00 0.00 0.00
2 150.000 3.00 -0.15 0.00 0.10
3 153.000 3.00 -0.15 0.00 0.10
1 156.000 3.00 0.00 0.00 0.00
2 159.000 3.00 -0.11 -0.11 0.10
3 162.000 3.00 -0.11 -0.11 0.10
1 166.000 4.00 0.00 0.00 0.00
2 167.000 1.00 0.11 -0.11 0.10
3 170.000 3.00 0.11 -0.11 0.10
1 174.000 4.00 0.00 0.00 0.00
2 175.000 1.00 0.00 0.15 0.10
3 178.000 3.00 0.00 0.15 0.10
0 181.000 3.00 0.00 0.00 0.00
1 185.000 4.00 0.00 0.00 0.00
2 187.000 2.00 0.11 0.11 0.10
3 190.000 3.00 0.11 0.11 0.10
0 193.000 3.00 0.00 0.00 0.00
1 197.000 4.00 0.00 0.00 0.00
2 199.000 2.00 0.00 0.15 0.10
3 202.000 3.00 0.00 0.15 0.10
1 206.000 4.00 0.00 0.00 0.00
2 209.000 3.00 -0.11 -0.11 0.10
3 212.000 3.00 -0.11 -0.11 0.10
0 215.000 3.00 0.00 0.00 0.00
1 217.000 2.00 0.00 0.00 0.00
2 220.000 3.00 -0.11 0.11 0.10
3 223.000 3.00 -0.11 0.11 0.10
1 225.000 2.00 0.00 0.00 0.00
2 227.000 2.00 -0.00 -0.15 0.10
3 230.000 3.00 -0.00 -0.15 0.10
1 233.000 3.00 0.00 0.00 0.00
2 235.000 2.00 -0.00 -0.15 0.10
3 238.000 3.00 -0.00 -0.15 0.10
1 242.000 4.00 0.00 0.00 0.00
2 245.000 3.00 0.15 0.00 0.10
3 248.000 3.00 0.15 0.00 0.10
1 252.000 4.00 0.00 0.00 0.00
2 254.000 2.00 -0.15 0.00 0.10
3 257.000 3.00 -0.15 0.00 0.10
1 260.000 3.00 0.00 0.00 0.00
2 263.000 3.00 -0.00 -0.15 0.10
3 266.000 3.00 -0.00 -0.15 0.10
0 269.000 3.00 0.00 0.00 0.00
1 271.000 2.00 0.00 0.00 0.00
2 273.000 2.00 -0.11 0.11 0.10
3 276.000 3.00 -0.11 0.11 0.10
1 278.000 2.00 0.00 0.00 0.00
2 281.000 3.00 -0.11 0.11 0.10
3 284.000 3.00 -0.11 0.11 0.10
1 287.000 3.00 0.00 0.00 0.00
2 289.000 2.00 0.15 0.00 0.10
3 292.000 3.00 0.15 0.00 0.10
1 296.000 4.00 0.00 0.00 0.00
2 299.000 3.00 -0.15 0.00 0.10
3 302.000 3.00 -0.15 0.00 0.10
1 305.000 3.00 0.00 0.00 0.00
2 306.000 1.00 -0.11 0.11 0.10
3 309.000 3.00 -0.11 0.11 0.10
1 311.000 2.00 0.00 0.00 0.00
2 312.000 1.00 0.11 0.11 0.10
3 315.000 3.00 0.11 0.11 0.10
1 318.000 3.00 0.00 0.00 0.00
2 319.000 1.00 -0.00 -0.15 0.10
3 322.000 3.00 -0.00 -0.15 0.10
1 324.000 2.00 0.00 0.00 0.00
2 325.000 1.00 0.11 -0.11 0.10
3 328.000 3.00 0.11 -0.11 0.10
1 330.000 2.00 0.00 0.00 0.00
2 332.000 2.00 -0.11 -0.11 0.10
3 335.000 3.00 -0.11 -0.11 0.10
1 338.000 3.00 0.00 0.00 0.00
2 341.000 3.00 0.11 -0.11 0.10
3 344.000 3.00 0.11 -0.11 0.10
1 346.000 2.00 0.00 0.00 0.00
2 348.000 2.00 -0.11 -0.11 0.10
3 351.000 3.00 -0.11 -0.11 0.10
0 354.000 3.00 0.00 0.00 0.00
