0 8.000 8.00 0.00 0.00 0.00
1 11.000 3.00 0.00 0.00 0.00
2 12.000 1.00 -0.08 -0.08 0.10
3 14.000 2.00 -0.08 -0.08 0.10
1 17.000 3.00 0.00 0.00 0.00
2 19.000 2.00 0.08 0.08 0.10
3 21.000 2.00 0.08 0.08 0.10
1 23.000 2.00 0.00 0.00 0.00
2 24.000 1.00 -0.00 -0.12 0.10
3 26.000 2.00 -0.00 -0.12 0.10
1 28.000 2.00 0.00 0.00 0.00
2 29.000 1.00 0.00 0.12 0.10
3 31.000 2.00 0.00 0.12 0.10
1 34.000 3.00 0.00 0.00 0.00
2 35.000 1.00 -0.12 0.00 0.10
3 37.000 2.00 -0.12 0.00 0.10
1 40.000 3.00 0.00 0.00 0.00
2 41.000 1.00 -0.08 0.08 0.10
3 43.000 2.00 -0.08 0.08 0.10
1 45.000 2.00 0.00 0.00 0.00
2 46.000 1.00 -0.08 -0.08 0.10
3 49.000 3.00 -0.08 -0.08 0.10
1 52.000 3.00 0.00 0.00 0.00
2 53.000 1.00 0.08 0.08 0.10
3 56.000 3.00 0.08 0.08 0.10
1 58.000 2.00 0.00 0.00 0.00
2 60.000 2.00 -0.08 -0.08 0.10
3 63.000 3.00 -0.08 -0.08 0.10
1 65.000 2.00 0.00 0.00 0.00
2 66.000 1.00 0.00 0.12 0.10
3 69.000 3.00 0.00 0.12 0.10
1 72.000 3.00 0.00 0.00 0.00
2 73.000 1.00 0.12 0.00 0.10
3 75.000 2.00 0.12 0.00 0.10
1 77.000 2.00 0.00 0.00 0.00
2 78.000 1.00 -0.08 0.08 0.10
3 80.000 2.00 -0.08 0.08 0.10
1 82.000 2.00 0.00 0.00 0.00
2 84.000 2.00 0.00 0.12 0.10
3 87.000 3.00 0.00 0.12 0.10
1 89.000 2.00 0.00 0.00 0.00
2 91.000 2.00 0.08 -0.08 0.10
3 93.000 2.00 0.08 -0.08 0.10
0 96.000 3.00 0.00 0.00 0.00
1 98.000 2.00 0.00 0.00 0.00
2 99.000 1.00 -0.08 0.08 0.10
3 102.000 3.00 -0.08 0.08 0.10
1 104.000 2.00 0.00 0.00 0.00
2 106.000 2.00 0.12 0.00 0.10
3 108.000 2.00 0.12 0.00 0.10
1 110.000 2.00 0.00 0.00 0.00
2 111.000 1.00 0.08 -0.08 0.10
3 113.000 2.00 0.08 -0.08 0.10
1 115.000 2.00 0.00 0.00 0.00
2 116.000 1.00 -0.00 -0.12 0.10
3 118.000 2.00 -0.00 -0.12 0.10
1 121.000 3.00 0.00 0.00 0.00
2 123.000 2.00 0.08 0.08 0.10
3 126.000 3.00 0.08 0.08 0.10
1 129.000 3.00 0.00 0.00 0.00
2 131.000 2.00 0.12 0.00 0.10
3 134.000 3.00 0.12 0.00 0.10
1 136.000 2.00 0.00 0.00 0.00
2 137.000 1.00 0.08 0.08 0.10
3 139.000 2.00 0.08 0.08 0.10
1 141.000 2.00 0.00 0.00 0.00
2 143.000 2.00 0.08 -0.08 0.10
3 145.000 2.00 0.08 -0.08 0.10
1 148.000 3.00 0.00 0.00 0.00
2 149.000 1.00 -0.00 -0.12 0.10
3 151.000 2.00 -0.00 -0.12 0.10
1 154.000 3.00 0.00 0.00 0.00
2 155.000 1.00 -0.08 0.08 0.10
3 157.000 2.00 -0.08 0.08 0.10
1 160.000 3.00 0.00 0.00 0.00
2 161.000 1.00 -0.12 0.00 0.10
3 163.000 2.00 -0.12 0.00 0.10
1 166.000 3.00 0.00 0.00 0.00
2 167.000 1.00 -0.08 0.08 0.10
3 169.000 2.00 -0.08 0.08 0.10
0 172.000 3.00 0.00 0.00 0.00
1 175.000 3.00 0.00 0.00 0.00
2 176.000 1.00 -0.12 0.00 0.10
3 178.000 2.00 -0.12 0.00 0.10
1 180.000 2.00 0.00 0.00 0.00
2 181.000 1.00 0.00 0.12 0.10
3 183.000 2.00 0.00 0.12 0.10
1 186.000 3.00 0.00 0.00 0.00
2 188.000 2.00 -0.08 -0.08 0.10
3 191.000 3.00 -0.08 -0.08 0.10
1 193.000 2.00 0.00 0.00 0.00
2 195.000 2.00 0.12 0.00 0.10
3 197.000 2.00 0.12 0.00 0.10
1 200.000 3.00 0.00 0.00 0.00
2 201.000 1.00 0.08 -0.08 0.10
3 204.000 3.00 0.08 -0.08 0.10
1 206.000 2.00 0.00 0.00 0.00
2 207.000 1.00 -0.12 0.00 0.10
3 209.000 2.00 -0.12 0.00 0.10
1 211.000 2.00 0.00 0.00 0.00
2 212.000 1.00 0.08 -0.08 0.10
3 215.000 3.00 0.08 -0.08 0.10
1 218.000 3.00 0.00 0.00 0.00
2 219.000 1.00 0.00 0.12 0.10
3 222.000 3.00 0.00 0.12 0.10
0 225.000 3.00 0.00 0.00 0.00
0 228.000 3.00 0.00 0.00 0.00
1 230.000 2.00 0.00 0.00 0.00
2 232.000 2.00 -0.12 0.00 0.10
3 234.000 2.00 -0.12 0.00 0.10
1 237.000 3.00 0.00 0.00 0.00
2 238.000 1.00 -0.00 -0.12 0.10
3 240.000 2.00 -0.00 -0.12 0.10
0 243.000 3.00 0.00 0.00 0.00
1 245.000 2.00 0.00 0.00 0.00
2 246.000 1.00 -0.08 -0.08 0.10
3 248.000 2.00 -0.08 -0.08 0.10
1 251.000 3.00 0.00 0.00 0.00
2 252.000 1.00 0.08 0.08 0.10
3 254.000 2.00 0.08 0.08 0.10
1 257.000 3.00 0.00 0.00 0.00
2 258.000 1.00 0.12 0.00 0.10
3 260.000 2.00 0.12 0.00 0.10
1 262.000 2.00 0.00 0.00 0.00
2 263.000 1.00 -0.00 -0.12 0.10
3 266.000 3.00 -0.00 -0.12 0.10
0 269.000 3.00 0.00 0.00 0.00
