0 8.000 8.00 0.00 0.00 0.00 0.00 0.00 0.00
3 11.000 3.00 -0.15 -0.15 0.08 0.00 0.00 0.00
3 14.000 3.00 -0.15 -0.15 0.08 0.00 0.00 0.00
3 17.000 3.00 -0.15 -0.15 0.08 1.00 0.00 0.00
3 20.000 3.00 -0.15 -0.15 0.08 0.00 0.00 0.00
3 23.000 3.00 -0.15 -0.15 0.08 -1.00 0.00 0.00
3 25.000 2.00 -0.15 -0.15 0.08 0.00 0.00 0.00
3 27.000 2.00 -0.15 -0.15 0.08 0.00 0.00 -1.00
3 29.000 2.00 -0.15 -0.15 0.08 0.00 0.00 0.00
3 31.000 2.00 -0.15 -0.15 0.08 0.00 0.00 1.00
3 34.000 3.00 -0.15 -0.15 0.08 0.00 0.00 0.00
3 37.000 3.00 -0.15 -0.15 0.08 0.00 1.00 0.00
3 40.000 3.00 -0.15 -0.15 0.08 0.00 0.00 0.00
3 43.000 3.00 -0.15 -0.15 0.08 0.00 -1.00 0.00
3 45.000 2.00 -0.15 -0.15 0.08 0.00 0.00 0.00
3 48.000 3.00 -0.15 0.15 0.08 0.00 0.00 0.00
3 51.000 3.00 -0.15 0.15 0.08 0.00 0.00 0.00
3 54.000 3.00 -0.15 0.15 0.08 0.00 1.00 0.00
3 56.000 2.00 -0.15 0.15 0.08 0.00 0.00 0.00
3 58.000 2.00 -0.15 0.15 0.08 0.00 0.00 1.00
3 61.000 3.00 -0.15 0.15 0.08 0.00 0.00 0.00
3 64.000 3.00 -0.15 0.15 0.08 0.00 0.00 -1.00
3 66.000 2.00 -0.15 0.15 0.08 0.00 0.00 0.00
3 68.000 2.00 -0.15 0.15 0.08 -1.00 0.00 0.00
3 70.000 2.00 -0.15 0.15 0.08 0.00 0.00 0.00
3 72.000 2.00 -0.15 0.15 0.08 1.00 0.00 0.00
3 75.000 3.00 -0.15 0.15 0.08 0.00 0.00 0.00
3 78.000 3.00 -0.15 0.15 0.08 0.00 -1.00 0.00
3 81.000 3.00 -0.15 0.15 0.08 0.00 0.00 0.00
3 84.000 3.00 0.15 0.15 0.08 0.00 0.00 0.00
3 87.000 3.00 0.15 0.15 0.08 0.00 0.00 0.00
3 90.000 3.00 0.15 0.15 0.08 -1.00 0.00 0.00
3 93.000 3.00 0.15 0.15 0.08 0.00 0.00 0.00
3 96.000 3.00 0.15 0.15 0.08 0.00 -1.00 0.00
3 98.000 2.00 0.15 0.15 0.08 0.00 0.00 0.00
3 100.000 2.00 0.15 0.15 0.08 0.00 0.00 1.00
3 103.000 3.00 0.15 0.15 0.08 0.00 0.00 0.00
3 106.000 3.00 0.15 0.15 0.08 0.00 0.00 -1.00
3 109.000 3.00 0.15 0.15 0.08 0.00 0.00 0.00
3 112.000 3.00 0.15 0.15 0.08 1.00 0.00 0.00
3 115.000 3.00 0.15 0.15 0.08 0.00 0.00 0.00
3 118.000 3.00 0.15 0.15 0.08 0.00 1.00 0.00
3 121.000 3.00 0.15 0.15 0.08 0.00 0.00 0.00
3 124.000 3.00 0.00 0.15 0.03 0.00 0.00 0.00
3 127.000 3.00 0.00 0.15 0.03 0.00 0.00 0.00
3 130.000 3.00 0.00 0.15 0.03 0.00 0.00 -1.00
3 132.000 2.00 0.00 0.15 0.03 0.00 0.00 0.00
3 134.000 2.00 0.00 0.15 0.03 1.00 0.00 0.00
3 137.000 3.00 0.00 0.15 0.03 0.00 0.00 0.00
3 140.000 3.00 0.00 0.15 0.03 0.00 0.00 1.00
3 142.000 2.00 0.00 0.15 0.03 0.00 0.00 0.00
3 144.000 2.00 0.00 0.15 0.03 0.00 -1.00 0.00
3 146.000 2.00 0.00 0.15 0.03 0.00 0.00 0.00
3 148.000 2.00 0.00 0.15 0.03 0.00 1.00 0.00
3 150.000 2.00 0.00 0.15 0.03 0.00 0.00 0.00
3 152.000 2.00 0.00 0.15 0.03 -1.00 0.00 0.00
3 154.000 2.00 0.00 0.15 0.03 0.00 0.00 0.00
0 159.000 5.00 0.00 0.00 0.00 0.00 0.00 0.00
3 162.000 3.00 0.15 -0.15 0.08 0.00 0.00 0.00
3 165.000 3.00 0.15 -0.15 0.08 0.00 0.00 0.00
3 168.000 3.00 0.15 -0.15 0.08 0.00 -1.00 0.00
3 171.000 3.00 0.15 -0.15 0.08 0.00 0.00 0.00
3 174.000 3.00 0.15 -0.15 0.08 -1.00 0.00 0.00
3 177.000 3.00 0.15 -0.15 0.08 0.00 0.00 0.00
3 180.000 3.00 0.15 -0.15 0.08 0.00 0.00 1.00
3 182.000 2.00 0.15 -0.15 0.08 0.00 0.00 0.00
3 184.000 2.00 0.15 -0.15 0.08 0.00 1.00 0.00
3 186.000 2.00 0.15 -0.15 0.08 0.00 0.00 0.00
3 188.000 2.00 0.15 -0.15 0.08 1.00 0.00 0.00
3 191.000 3.00 0.15 -0.15 0.08 0.00 0.00 0.00
3 194.000 3.00 0.15 -0.15 0.08 0.00 0.00 -1.00
3 196.000 2.00 0.15 -0.15 0.08 0.00 0.00 0.00
3 199.000 3.00 -0.15 -0.15 0.03 0.00 0.00 0.00
3 201.000 2.00 -0.15 -0.15 0.03 0.00 0.00 0.00
3 203.000 2.00 -0.15 -0.15 0.03 0.00 1.00 0.00
3 205.000 2.00 -0.15 -0.15 0.03 0.00 0.00 0.00
3 207.000 2.00 -0.15 -0.15 0.03 -1.00 0.00 0.00
3 209.000 2.00 -0.15 -0.15 0.03 0.00 0.00 0.00
3 211.000 2.00 -0.15 -0.15 0.03 0.00 -1.00 0.00
3 213.000 2.00 -0.15 -0.15 0.03 0.00 0.00 0.00
3 215.000 2.00 -0.15 -0.15 0.03 0.00 0.00 -1.00
3 217.000 2.00 -0.15 -0.15 0.03 0.00 0.00 0.00
3 219.000 2.00 -0.15 -0.15 0.03 0.00 0.00 1.00
3 221.000 2.00 -0.15 -0.15 0.03 0.00 0.00 0.00
3 223.000 2.00 -0.15 -0.15 0.03 1.00 0.00 0.00
3 226.000 3.00 -0.15 -0.15 0.03 0.00 0.00 0.00
3 229.000 3.00 0.00 0.15 0.08 0.00 0.00 0.00
3 232.000 3.00 0.00 0.15 0.08 0.00 0.00 0.00
3 235.000 3.00 0.00 0.15 0.08 0.00 0.00 -1.00
3 238.000 3.00 0.00 0.15 0.08 0.00 0.00 0.00
3 241.000 3.00 0.00 0.15 0.08 0.00 1.00 0.00
3 244.000 3.00 0.00 0.15 0.08 0.00 0.00 0.00
3 247.000 3.00 0.00 0.15 0.08 -1.00 0.00 0.00
3 249.000 2.00 0.00 0.15 0.08 0.00 0.00 0.00
3 251.000 2.00 0.00 0.15 0.08 0.00 0.00 1.00
3 253.000 2.00 0.00 0.15 0.08 0.00 0.00 0.00
3 255.000 2.00 0.00 0.15 0.08 0.00 -1.00 0.00
3 257.000 2.00 0.00 0.15 0.08 0.00 0.00 0.00
3 259.000 2.00 0.00 0.15 0.08 1.00 0.00 0.00
3 261.000 2.00 0.00 0.15 0.08 0.00 0.00 0.00
0 266.000 5.00 0.00 0.00 0.00 0.00 0.00 0.00
3 269.000 3.00 -0.15 0.15 0.03 0.00 0.00 0.00
3 271.000 2.00 -0.15 0.15 0.03 0.00 0.00 0.00
3 273.000 2.00 -0.15 0.15 0.03 0.00 1.00 0.00
3 275.000 2.00 -0.15 0.15 0.03 0.00 0.00 0.00
3 277.000 2.00 -0.15 0.15 0.03 0.00 0.00 -1.00
3 279.000 2.00 -0.15 0.15 0.03 0.00 0.00 0.00
3 281.000 2.00 -0.15 0.15 0.03 0.00 -1.00 0.00
3 283.000 2.00 -0.15 0.15 0.03 0.00 0.00 0.00
3 285.000 2.00 -0.15 0.15 0.03 1.00 0.00 0.00
3 287.000 2.00 -0.15 0.15 0.03 0.00 0.00 0.00
3 289.000 2.00 -0.15 0.15 0.03 -1.00 0.00 0.00
3 291.000 2.00 -0.15 0.15 0.03 0.00 0.00 0.00
3 293.000 2.00 -0.15 0.15 0.03 0.00 0.00 1.00
3 295.000 2.00 -0.15 0.15 0.03 0.00 0.00 0.00
3 298.000 3.00 0.00 -0.15 0.03 0.00 0.00 0.00
3 300.000 2.00 0.00 -0.15 0.03 0.00 0.00 0.00
3 302.000 2.00 0.00 -0.15 0.03 -1.00 0.00 0.00
3 304.000 2.00 0.00 -0.15 0.03 0.00 0.00 0.00
3 306.000 2.00 0.00 -0.15 0.03 1.00 0.00 0.00
3 308.000 2.00 0.00 -0.15 0.03 0.00 0.00 0.00
3 310.000 2.00 0.00 -0.15 0.03 0.00 -1.00 0.00
3 312.000 2.00 0.00 -0.15 0.03 0.00 0.00 0.00
3 314.000 2.00 0.00 -0.15 0.03 0.00 0.00 -1.00
3 317.000 3.00 0.00 -0.15 0.03 0.00 0.00 0.00
3 320.000 3.00 0.00 -0.15 0.03 0.00 1.00 0.00
3 322.000 2.00 0.00 -0.15 0.03 0.00 0.00 0.00
3 324.000 2.00 0.00 -0.15 0.03 0.00 0.00 1.00
3 326.000 2.00 0.00 -0.15 0.03 0.00 0.00 0.00
3 329.000 3.00 0.15 0.15 0.03 0.00 0.00 0.00
3 331.000 2.00 0.15 0.15 0.03 0.00 0.00 0.00
3 333.000 2.00 0.15 0.15 0.03 0.00 0.00 1.00
3 335.000 2.00 0.15 0.15 0.03 0.00 0.00 0.00
3 337.000 2.00 0.15 0.15 0.03 0.00 -1.00 0.00
3 340.000 3.00 0.15 0.15 0.03 0.00 0.00 0.00
3 343.000 3.00 0.15 0.15 0.03 0.00 1.00 0.00
3 346.000 3.00 0.15 0.15 0.03 0.00 0.00 0.00
3 349.000 3.00 0.15 0.15 0.03 0.00 0.00 -1.00
3 351.000 2.00 0.15 0.15 0.03 0.00 0.00 0.00
3 353.000 2.00 0.15 0.15 0.03 1.00 0.00 0.00
3 355.000 2.00 0.15 0.15 0.03 0.00 0.00 0.00
3 357.000 2.00 0.15 0.15 0.03 -1.00 0.00 0.00
3 360.000 3.00 0.15 0.15 0.03 0.00 0.00 0.00
3 363.000 3.00 0.15 -0.15 0.03 0.00 0.00 0.00
3 366.000 3.00 0.15 -0.15 0.03 0.00 0.00 0.00
3 369.000 3.00 0.15 -0.15 0.03 0.00 -1.00 0.00
3 371.000 2.00 0.15 -0.15 0.03 0.00 0.00 0.00
3 373.000 2.00 0.15 -0.15 0.03 0.00 0.00 -1.00
3 376.000 3.00 0.15 -0.15 0.03 0.00 0.00 0.00
3 379.000 3.00 0.15 -0.15 0.03 0.00 1.00 0.00
3 382.000 3.00 0.15 -0.15 0.03 0.00 0.00 0.00
3 385.000 3.00 0.15 -0.15 0.03 1.00 0.00 0.00
3 388.000 3.00 0.15 -0.15 0.03 0.00 0.00 0.00
3 391.000 3.00 0.15 -0.15 0.03 -1.00 0.00 0.00
3 393.000 2.00 0.15 -0.15 0.03 0.00 0.00 0.00
3 395.000 2.00 0.15 -0.15 0.03 0.00 0.00 1.00
3 397.000 2.00 0.15 -0.15 0.03 0.00 0.00 0.00
3 400.000 3.00 0.00 -0.15 0.08 0.00 0.00 0.00
3 403.000 3.00 0.00 -0.15 0.08 0.00 0.00 0.00
3 406.000 3.00 0.00 -0.15 0.08 0.00 1.00 0.00
3 409.000 3.00 0.00 -0.15 0.08 0.00 0.00 0.00
3 412.000 3.00 0.00 -0.15 0.08 1.00 0.00 0.00
3 415.000 3.00 0.00 -0.15 0.08 0.00 0.00 0.00
3 418.000 3.00 0.00 -0.15 0.08 0.00 0.00 -1.00
3 421.000 3.00 0.00 -0.15 0.08 0.00 0.00 0.00
3 424.000 3.00 0.00 -0.15 0.08 0.00 0.00 1.00
3 427.000 3.00 0.00 -0.15 0.08 0.00 0.00 0.00
3 430.000 3.00 0.00 -0.15 0.08 0.00 -1.00 0.00
3 432.000 2.00 0.00 -0.15 0.08 0.00 0.00 0.00
3 434.000 2.00 0.00 -0.15 0.08 -1.00 0.00 0.00
3 436.000 2.00 0.00 -0.15 0.08 0.00 0.00 0.00
0 440.000 4.00 0.00 0.00 0.00 0.00 0.00 0.00
