0 8.000 8.00 0.00 0.00 0.00 0.00 0.00 0.00
3 11.000 3.00 0.00 -0.15 0.08 0.00 0.00 0.00
3 14.000 3.00 0.00 -0.15 0.08 0.00 0.00 0.00
3 17.000 3.00 0.00 -0.15 0.08 0.00 -1.00 0.00
3 19.000 2.00 0.00 -0.15 0.08 0.00 0.00 0.00
3 21.000 2.00 0.00 -0.15 0.08 0.00 1.00 0.00
3 23.000 2.00 0.00 -0.15 0.08 0.00 0.00 0.00
3 25.000 2.00 0.00 -0.15 0.08 1.00 0.00 0.00
3 27.000 2.00 0.00 -0.15 0.08 0.00 0.00 0.00
3 29.000 2.00 0.00 -0.15 0.08 0.00 0.00 -1.00
3 32.000 3.00 0.00 -0.15 0.08 0.00 0.00 0.00
3 35.000 3.00 0.00 -0.15 0.08 -1.00 0.00 0.00
3 37.000 2.00 0.00 -0.15 0.08 0.00 0.00 0.00
3 39.000 2.00 0.00 -0.15 0.08 0.00 0.00 1.00
3 41.000 2.00 0.00 -0.15 0.08 0.00 0.00 0.00
3 44.000 3.00 -0.15 -0.15 0.03 0.00 0.00 0.00
3 47.000 3.00 -0.15 -0.15 0.03 0.00 0.00 0.00
3 50.000 3.00 -0.15 -0.15 0.03 -1.00 0.00 0.00
3 53.000 3.00 -0.15 -0.15 0.03 0.00 0.00 0.00
3 56.000 3.00 -0.15 -0.15 0.03 0.00 1.00 0.00
3 58.000 2.00 -0.15 -0.15 0.03 0.00 0.00 0.00
3 60.000 2.00 -0.15 -0.15 0.03 0.00 0.00 1.00
3 63.000 3.00 -0.15 -0.15 0.03 0.00 0.00 0.00
3 66.000 3.00 -0.15 -0.15 0.03 1.00 0.00 0.00
3 69.000 3.00 -0.15 -0.15 0.03 0.00 0.00 0.00
3 72.000 3.00 -0.15 -0.15 0.03 0.00 -1.00 0.00
3 74.000 2.00 -0.15 -0.15 0.03 0.00 0.00 0.00
3 76.000 2.00 -0.15 -0.15 0.03 0.00 0.00 -1.00
3 78.000 2.00 -0.15 -0.15 0.03 0.00 0.00 0.00
3 81.000 3.00 -0.15 0.15 0.08 0.00 0.00 0.00
3 83.000 2.00 -0.15 0.15 0.08 0.00 0.00 0.00
3 85.000 2.00 -0.15 0.15 0.08 0.00 0.00 -1.00
3 87.000 2.00 -0.15 0.15 0.08 0.00 0.00 0.00
3 89.000 2.00 -0.15 0.15 0.08 1.00 0.00 0.00
3 91.000 2.00 -0.15 0.15 0.08 0.00 0.00 0.00
3 93.000 2.00 -0.15 0.15 0.08 0.00 0.00 1.00
3 95.000 2.00 -0.15 0.15 0.08 0.00 0.00 0.00
3 97.000 2.00 -0.15 0.15 0.08 0.00 1.00 0.00
3 99.000 2.00 -0.15 0.15 0.08 0.00 0.00 0.00
3 101.000 2.00 -0.15 0.15 0.08 -1.00 0.00 0.00
3 104.000 3.00 -0.15 0.15 0.08 0.00 0.00 0.00
3 107.000 3.00 -0.15 0.15 0.08 0.00 -1.00 0.00
3 110.000 3.00 -0.15 0.15 0.08 0.00 0.00 0.00
0 115.000 5.00 0.00 0.00 0.00 0.00 0.00 0.00
3 118.000 3.00 -0.15 -0.15 0.08 0.00 0.00 0.00
3 121.000 3.00 -0.15 -0.15 0.08 0.00 0.00 0.00
3 124.000 3.00 -0.15 -0.15 0.08 0.00 -1.00 0.00
3 127.000 3.00 -0.15 -0.15 0.08 0.00 0.00 0.00
3 130.000 3.00 -0.15 -0.15 0.08 0.00 0.00 -1.00
3 133.000 3.00 -0.15 -0.15 0.08 0.00 0.00 0.00
3 136.000 3.00 -0.15 -0.15 0.08 0.00 0.00 1.00
3 138.000 2.00 -0.15 -0.15 0.08 0.00 0.00 0.00
3 140.000 2.00 -0.15 -0.15 0.08 0.00 1.00 0.00
3 143.000 3.00 -0.15 -0.15 0.08 0.00 0.00 0.00
3 146.000 3.00 -0.15 -0.15 0.08 1.00 0.00 0.00
3 149.000 3.00 -0.15 -0.15 0.08 0.00 0.00 0.00
3 152.000 3.00 -0.15 -0.15 0.08 -1.00 0.00 0.00
3 154.000 2.00 -0.15 -0.15 0.08 0.00 0.00 0.00
3 157.000 3.00 0.00 -0.15 0.03 0.00 0.00 0.00
3 160.000 3.00 0.00 -0.15 0.03 0.00 0.00 0.00
3 163.000 3.00 0.00 -0.15 0.03 0.00 -1.00 0.00
3 165.000 2.00 0.00 -0.15 0.03 0.00 0.00 0.00
3 167.000 2.00 0.00 -0.15 0.03 0.00 0.00 -1.00
3 169.000 2.00 0.00 -0.15 0.03 0.00 0.00 0.00
3 171.000 2.00 0.00 -0.15 0.03 -1.00 0.00 0.00
3 173.000 2.00 0.00 -0.15 0.03 0.00 0.00 0.00
3 175.000 2.00 0.00 -0.15 0.03 1.00 0.00 0.00
3 177.000 2.00 0.00 -0.15 0.03 0.00 0.00 0.00
3 179.000 2.00 0.00 -0.15 0.03 0.00 1.00 0.00
3 182.000 3.00 0.00 -0.15 0.03 0.00 0.00 0.00
3 185.000 3.00 0.00 -0.15 0.03 0.00 0.00 1.00
3 187.000 2.00 0.00 -0.15 0.03 0.00 0.00 0.00
3 190.000 3.00 0.15 -0.15 0.03 0.00 0.00 0.00
3 192.000 2.00 0.15 -0.15 0.03 0.00 0.00 0.00
3 194.000 2.00 0.15 -0.15 0.03 1.00 0.00 0.00
3 196.000 2.00 0.15 -0.15 0.03 0.00 0.00 0.00
3 198.000 2.00 0.15 -0.15 0.03 -1.00 0.00 0.00
3 200.000 2.00 0.15 -0.15 0.03 0.00 0.00 0.00
3 202.000 2.00 0.15 -0.15 0.03 0.00 1.00 0.00
3 204.000 2.00 0.15 -0.15 0.03 0.00 0.00 0.00
3 206.000 2.00 0.15 -0.15 0.03 0.00 0.00 1.00
3 209.000 3.00 0.15 -0.15 0.03 0.00 0.00 0.00
3 212.000 3.00 0.15 -0.15 0.03 0.00 0.00 -1.00
3 215.000 3.00 0.15 -0.15 0.03 0.00 0.00 0.00
3 218.000 3.00 0.15 -0.15 0.03 0.00 -1.00 0.00
3 221.000 3.00 0.15 -0.15 0.03 0.00 0.00 0.00
3 224.000 3.00 0.15 0.15 0.08 0.00 0.00 0.00
3 226.000 2.00 0.15 0.15 0.08 0.00 0.00 0.00
3 228.000 2.00 0.15 0.15 0.08 0.00 0.00 1.00
3 230.000 2.00 0.15 0.15 0.08 0.00 0.00 0.00
3 232.000 2.00 0.15 0.15 0.08 1.00 0.00 0.00
3 234.000 2.00 0.15 0.15 0.08 0.00 0.00 0.00
3 236.000 2.00 0.15 0.15 0.08 0.00 0.00 -1.00
3 238.000 2.00 0.15 0.15 0.08 0.00 0.00 0.00
3 240.000 2.00 0.15 0.15 0.08 0.00 1.00 0.00
3 242.000 2.00 0.15 0.15 0.08 0.00 0.00 0.00
3 244.000 2.00 0.15 0.15 0.08 0.00 -1.00 0.00
3 246.000 2.00 0.15 0.15 0.08 0.00 0.00 0.00
3 248.000 2.00 0.15 0.15 0.08 -1.00 0.00 0.00
3 250.000 2.00 0.15 0.15 0.08 0.00 0.00 0.00
3 253.000 3.00 -0.15 0.15 0.03 0.00 0.00 0.00
3 256.000 3.00 -0.15 0.15 0.03 0.00 0.00 0.00
3 259.000 3.00 -0.15 0.15 0.03 1.00 0.00 0.00
3 262.000 3.00 -0.15 0.15 0.03 0.00 0.00 0.00
3 265.000 3.00 -0.15 0.15 0.03 0.00 0.00 -1.00
3 267.000 2.00 -0.15 0.15 0.03 0.00 0.00 0.00
3 269.000 2.00 -0.15 0.15 0.03 0.00 0.00 1.00
3 272.000 3.00 -0.15 0.15 0.03 0.00 0.00 0.00
3 275.000 3.00 -0.15 0.15 0.03 -1.00 0.00 0.00
3 277.000 2.00 -0.15 0.15 0.03 0.00 0.00 0.00
3 279.000 2.00 -0.15 0.15 0.03 0.00 1.00 0.00
3 282.000 3.00 -0.15 0.15 0.03 0.00 0.00 0.00
3 285.000 3.00 -0.15 0.15 0.03 0.00 -1.00 0.00
3 288.000 3.00 -0.15 0.15 0.03 0.00 0.00 0.00
3 291.000 3.00 0.15 -0.15 0.08 0.00 0.00 0.00
3 293.000 2.00 0.15 -0.15 0.08 0.00 0.00 0.00
3 295.000 2.00 0.15 -0.15 0.08 0.00 0.00 1.00
3 298.000 3.00 0.15 -0.15 0.08 0.00 0.00 0.00
3 301.000 3.00 0.15 -0.15 0.08 0.00 -1.00 0.00
3 304.000 3.00 0.15 -0.15 0.08 0.00 0.00 0.00
3 307.000 3.00 0.15 -0.15 0.08 0.00 1.00 0.00
3 310.000 3.00 0.15 -0.15 0.08 0.00 0.00 0.00
3 313.000 3.00 0.15 -0.15 0.08 0.00 0.00 -1.00
3 315.000 2.00 0.15 -0.15 0.08 0.00 0.00 0.00
3 317.000 2.00 0.15 -0.15 0.08 1.00 0.00 0.00
3 320.000 3.00 0.15 -0.15 0.08 0.00 0.00 0.00
3 323.000 3.00 0.15 -0.15 0.08 -1.00 0.00 0.00
3 325.000 2.00 0.15 -0.15 0.08 0.00 0.00 0.00
0 330.000 5.00 0.00 0.00 0.00 0.00 0.00 0.00
3 333.000 3.00 0.15 0.15 0.03 0.00 0.00 0.00
3 336.000 3.00 0.15 0.15 0.03 0.00 0.00 0.00
3 339.000 3.00 0.15 0.15 0.03 0.00 -1.00 0.00
3 342.000 3.00 0.15 0.15 0.03 0.00 0.00 0.00
3 345.000 3.00 0.15 0.15 0.03 0.00 0.00 -1.00
3 347.000 2.00 0.15 0.15 0.03 0.00 0.00 0.00
3 349.000 2.00 0.15 0.15 0.03 -1.00 0.00 0.00
3 352.000 3.00 0.15 0.15 0.03 0.00 0.00 0.00
3 355.000 3.00 0.15 0.15 0.03 0.00 0.00 1.00
3 357.000 2.00 0.15 0.15 0.03 0.00 0.00 0.00
3 359.000 2.00 0.15 0.15 0.03 1.00 0.00 0.00
3 361.000 2.00 0.15 0.15 0.03 0.00 0.00 0.00
3 363.000 2.00 0.15 0.15 0.03 0.00 1.00 0.00
3 366.000 3.00 0.15 0.15 0.03 0.00 0.00 0.00
3 369.000 3.00 0.00 0.15 0.08 0.00 0.00 0.00
3 371.000 2.00 0.00 0.15 0.08 0.00 0.00 0.00
3 373.000 2.00 0.00 0.15 0.08 0.00 0.00 -1.00
3 375.000 2.00 0.00 0.15 0.08 0.00 0.00 0.00
3 377.000 2.00 0.00 0.15 0.08 0.00 0.00 1.00
3 380.000 3.00 0.00 0.15 0.08 0.00 0.00 0.00
3 383.000 3.00 0.00 0.15 0.08 0.00 -1.00 0.00
3 386.000 3.00 0.00 0.15 0.08 0.00 0.00 0.00
3 389.000 3.00 0.00 0.15 0.08 0.00 1.00 0.00
3 391.000 2.00 0.00 0.15 0.08 0.00 0.00 0.00
3 393.000 2.00 0.00 0.15 0.08 1.00 0.00 0.00
3 396.000 3.00 0.00 0.15 0.08 0.00 0.00 0.00
3 399.000 3.00 0.00 0.15 0.08 -1.00 0.00 0.00
3 401.000 2.00 0.00 0.15 0.08 0.00 0.00 0.00
3 404.000 3.00 0.00 0.15 0.03 0.00 0.00 0.00
3 407.000 3.00 0.00 0.15 0.03 0.00 0.00 0.00
3 410.000 3.00 0.00 0.15 0.03 0.00 -1.00 0.00
3 412.000 2.00 0.00 0.15 0.03 0.00 0.00 0.00
3 414.000 2.00 0.00 0.15 0.03 -1.00 0.00 0.00
3 417.000 3.00 0.00 0.15 0.03 0.00 0.00 0.00
3 420.000 3.00 0.00 0.15 0.03 1.00 0.00 0.00
3 422.000 2.00 0.00 0.15 0.03 0.00 0.00 0.00
3 424.000 2.00 0.00 0.15 0.03 0.00 0.00 1.00
3 427.000 3.00 0.00 0.15 0.03 0.00 0.00 0.00
3 430.000 3.00 0.00 0.15 0.03 0.00 0.00 -1.00
3 432.000 2.00 0.00 0.15 0.03 0.00 0.00 0.00
3 434.000 2.00 0.00 0.15 0.03 0.00 1.00 0.00
3 437.000 3.00 0.00 0.15 0.03 0.00 0.00 0.00
0 440.000 3.00 0.00 0.00 0.00 0.00 0.00 0.00
