0 8.000 8.00 0.00 0.00 0.00 0.00 0.00 0.00
3 11.000 3.00 0.00 -0.15 0.08 0.00 0.00 0.00
3 14.000 3.00 0.00 -0.15 0.08 0.00 0.00 0.00
3 17.000 3.00 0.00 -0.15 0.08 0.00 -1.00 0.00
3 20.000 3.00 0.00 -0.15 0.08 0.00 0.00 0.00
3 23.000 3.00 0.00 -0.15 0.08 0.00 0.00 -1.00
3 25.000 2.00 0.00 -0.15 0.08 0.00 0.00 0.00
3 27.000 2.00 0.00 -0.15 0.08 -1.00 0.00 0.00
3 30.000 3.00 0.00 -0.15 0.08 0.00 0.00 0.00
3 33.000 3.00 0.00 -0.15 0.08 0.00 0.00 1.00
3 35.000 2.00 0.00 -0.15 0.08 0.00 0.00 0.00
3 37.000 2.00 0.00 -0.15 0.08 1.00 0.00 0.00
3 40.000 3.00 0.00 -0.15 0.08 0.00 0.00 0.00
3 43.000 3.00 0.00 -0.15 0.08 0.00 1.00 0.00
3 45.000 2.00 0.00 -0.15 0.08 0.00 0.00 0.00
3 48.000 3.00 0.15 -0.15 0.03 0.00 0.00 0.00
3 50.000 2.00 0.15 -0.15 0.03 0.00 0.00 0.00
3 52.000 2.00 0.15 -0.15 0.03 0.00 1.00 0.00
3 54.000 2.00 0.15 -0.15 0.03 0.00 0.00 0.00
3 56.000 2.00 0.15 -0.15 0.03 1.00 0.00 0.00
3 59.000 3.00 0.15 -0.15 0.03 0.00 0.00 0.00
3 62.000 3.00 0.15 -0.15 0.03 0.00 -1.00 0.00
3 64.000 2.00 0.15 -0.15 0.03 0.00 0.00 0.00
3 66.000 2.00 0.15 -0.15 0.03 -1.00 0.00 0.00
3 69.000 3.00 0.15 -0.15 0.03 0.00 0.00 0.00
3 72.000 3.00 0.15 -0.15 0.03 0.00 0.00 1.00
3 74.000 2.00 0.15 -0.15 0.03 0.00 0.00 0.00
3 76.000 2.00 0.15 -0.15 0.03 0.00 0.00 -1.00
3 79.000 3.00 0.15 -0.15 0.03 0.00 0.00 0.00
3 82.000 3.00 0.15 0.15 0.08 0.00 0.00 0.00
3 85.000 3.00 0.15 0.15 0.08 0.00 0.00 0.00
3 88.000 3.00 0.15 0.15 0.08 -1.00 0.00 0.00
3 91.000 3.00 0.15 0.15 0.08 0.00 0.00 0.00
3 94.000 3.00 0.15 0.15 0.08 0.00 0.00 -1.00
3 96.000 2.00 0.15 0.15 0.08 0.00 0.00 0.00
3 98.000 2.00 0.15 0.15 0.08 0.00 -1.00 0.00
3 101.000 3.00 0.15 0.15 0.08 0.00 0.00 0.00
3 104.000 3.00 0.15 0.15 0.08 0.00 1.00 0.00
3 106.000 2.00 0.15 0.15 0.08 0.00 0.00 0.00
3 108.000 2.00 0.15 0.15 0.08 0.00 0.00 1.00
3 111.000 3.00 0.15 0.15 0.08 0.00 0.00 0.00
3 114.000 3.00 0.15 0.15 0.08 1.00 0.00 0.00
3 117.000 3.00 0.15 0.15 0.08 0.00 0.00 0.00
3 120.000 3.00 0.00 0.15 0.03 0.00 0.00 0.00
3 122.000 2.00 0.00 0.15 0.03 0.00 0.00 0.00
3 124.000 2.00 0.00 0.15 0.03 0.00 0.00 1.00
3 126.000 2.00 0.00 0.15 0.03 0.00 0.00 0.00
3 128.000 2.00 0.00 0.15 0.03 -1.00 0.00 0.00
3 130.000 2.00 0.00 0.15 0.03 0.00 0.00 0.00
3 132.000 2.00 0.00 0.15 0.03 0.00 0.00 -1.00
3 134.000 2.00 0.00 0.15 0.03 0.00 0.00 0.00
3 136.000 2.00 0.00 0.15 0.03 0.00 1.00 0.00
3 138.000 2.00 0.00 0.15 0.03 0.00 0.00 0.00
3 140.000 2.00 0.00 0.15 0.03 1.00 0.00 0.00
3 142.000 2.00 0.00 0.15 0.03 0.00 0.00 0.00
3 144.000 2.00 0.00 0.15 0.03 0.00 -1.00 0.00
3 146.000 2.00 0.00 0.15 0.03 0.00 0.00 0.00
0 151.000 5.00 0.00 0.00 0.00 0.00 0.00 0.00
3 154.000 3.00 0.15 0.15 0.03 0.00 0.00 0.00
3 156.000 2.00 0.15 0.15 0.03 0.00 0.00 0.00
3 158.000 2.00 0.15 0.15 0.03 0.00 1.00 0.00
3 161.000 3.00 0.15 0.15 0.03 0.00 0.00 0.00
3 164.000 3.00 0.15 0.15 0.03 0.00 -1.00 0.00
3 166.000 2.00 0.15 0.15 0.03 0.00 0.00 0.00
3 168.000 2.00 0.15 0.15 0.03 1.00 0.00 0.00
3 171.000 3.00 0.15 0.15 0.03 0.00 0.00 0.00
3 174.000 3.00 0.15 0.15 0.03 0.00 0.00 -1.00
3 176.000 2.00 0.15 0.15 0.03 0.00 0.00 0.00
3 178.000 2.00 0.15 0.15 0.03 0.00 0.00 1.00
3 180.000 2.00 0.15 0.15 0.03 0.00 0.00 0.00
3 182.000 2.00 0.15 0.15 0.03 -1.00 0.00 0.00
3 185.000 3.00 0.15 0.15 0.03 0.00 0.00 0.00
3 188.000 3.00 0.00 -0.15 0.03 0.00 0.00 0.00
3 191.000 3.00 0.00 -0.15 0.03 0.00 0.00 0.00
3 194.000 3.00 0.00 -0.15 0.03 0.00 1.00 0.00
3 196.000 2.00 0.00 -0.15 0.03 0.00 0.00 0.00
3 198.000 2.00 0.00 -0.15 0.03 -1.00 0.00 0.00
3 201.000 3.00 0.00 -0.15 0.03 0.00 0.00 0.00
3 204.000 3.00 0.00 -0.15 0.03 0.00 -1.00 0.00
3 207.000 3.00 0.00 -0.15 0.03 0.00 0.00 0.00
3 210.000 3.00 0.00 -0.15 0.03 1.00 0.00 0.00
3 213.000 3.00 0.00 -0.15 0.03 0.00 0.00 0.00
3 216.000 3.00 0.00 -0.15 0.03 0.00 0.00 -1.00
3 219.000 3.00 0.00 -0.15 0.03 0.00 0.00 0.00
3 222.000 3.00 0.00 -0.15 0.03 0.00 0.00 1.00
3 224.000 2.00 0.00 -0.15 0.03 0.00 0.00 0.00
3 227.000 3.00 -0.15 -0.15 0.03 0.00 0.00 0.00
3 230.000 3.00 -0.15 -0.15 0.03 0.00 0.00 0.00
3 233.000 3.00 -0.15 -0.15 0.03 0.00 0.00 1.00
3 235.000 2.00 -0.15 -0.15 0.03 0.00 0.00 0.00
3 237.000 2.00 -0.15 -0.15 0.03 0.00 1.00 0.00
3 240.000 3.00 -0.15 -0.15 0.03 0.00 0.00 0.00
3 243.000 3.00 -0.15 -0.15 0.03 -1.00 0.00 0.00
3 245.000 2.00 -0.15 -0.15 0.03 0.00 0.00 0.00
3 247.000 2.00 -0.15 -0.15 0.03 0.00 -1.00 0.00
3 249.000 2.00 -0.15 -0.15 0.03 0.00 0.00 0.00
3 251.000 2.00 -0.15 -0.15 0.03 0.00 0.00 -1.00
3 253.000 2.00 -0.15 -0.15 0.03 0.00 0.00 0.00
3 255.000 2.00 -0.15 -0.15 0.03 1.00 0.00 0.00
3 257.000 2.00 -0.15 -0.15 0.03 0.00 0.00 0.00
0 262.000 5.00 0.00 0.00 0.00 0.00 0.00 0.00
3 265.000 3.00 0.00 0.15 0.08 0.00 0.00 0.00
3 268.000 3.00 0.00 0.15 0.08 0.00 0.00 0.00
3 271.000 3.00 0.00 0.15 0.08 -1.00 0.00 0.00
3 274.000 3.00 0.00 0.15 0.08 0.00 0.00 0.00
3 277.000 3.00 0.00 0.15 0.08 0.00 0.00 -1.00
3 279.000 2.00 0.00 0.15 0.08 0.00 0.00 0.00
3 281.000 2.00 0.00 0.15 0.08 0.00 0.00 1.00
3 284.000 3.00 0.00 0.15 0.08 0.00 0.00 0.00
3 287.000 3.00 0.00 0.15 0.08 0.00 1.00 0.00
3 290.000 3.00 0.00 0.15 0.08 0.00 0.00 0.00
3 293.000 3.00 0.00 0.15 0.08 0.00 -1.00 0.00
3 296.000 3.00 0.00 0.15 0.08 0.00 0.00 0.00
3 299.000 3.00 0.00 0.15 0.08 1.00 0.00 0.00
3 301.000 2.00 0.00 0.15 0.08 0.00 0.00 0.00
3 304.000 3.00 -0.15 -0.15 0.08 0.00 0.00 0.00
3 306.000 2.00 -0.15 -0.15 0.08 0.00 0.00 0.00
3 308.000 2.00 -0.15 -0.15 0.08 0.00 -1.00 0.00
3 311.000 3.00 -0.15 -0.15 0.08 0.00 0.00 0.00
3 314.000 3.00 -0.15 -0.15 0.08 0.00 0.00 -1.00
3 316.000 2.00 -0.15 -0.15 0.08 0.00 0.00 0.00
3 318.000 2.00 -0.15 -0.15 0.08 0.00 0.00 1.00
3 320.000 2.00 -0.15 -0.15 0.08 0.00 0.00 0.00
3 322.000 2.00 -0.15 -0.15 0.08 -1.00 0.00 0.00
3 325.000 3.00 -0.15 -0.15 0.08 0.00 0.00 0.00
3 328.000 3.00 -0.15 -0.15 0.08 0.00 1.00 0.00
3 330.000 2.00 -0.15 -0.15 0.08 0.00 0.00 0.00
3 332.000 2.00 -0.15 -0.15 0.08 1.00 0.00 0.00
3 334.000 2.00 -0.15 -0.15 0.08 0.00 0.00 0.00
3 337.000 3.00 -0.15 0.15 0.03 0.00 0.00 0.00
3 339.000 2.00 -0.15 0.15 0.03 0.00 0.00 0.00
3 341.000 2.00 -0.15 0.15 0.03 1.00 0.00 0.00
3 343.000 2.00 -0.15 0.15 0.03 0.00 0.00 0.00
3 345.000 2.00 -0.15 0.15 0.03 0.00 1.00 0.00
3 347.000 2.00 -0.15 0.15 0.03 0.00 0.00 0.00
3 349.000 2.00 -0.15 0.15 0.03 0.00 0.00 -1.00
3 351.000 2.00 -0.15 0.15 0.03 0.00 0.00 0.00
3 353.000 2.00 -0.15 0.15 0.03 -1.00 0.00 0.00
3 356.000 3.00 -0.15 0.15 0.03 0.00 0.00 0.00
3 359.000 3.00 -0.15 0.15 0.03 0.00 -1.00 0.00
3 362.000 3.00 -0.15 0.15 0.03 0.00 0.00 0.00
3 365.000 3.00 -0.15 0.15 0.03 0.00 0.00 1.00
3 367.000 2.00 -0.15 0.15 0.03 0.00 0.00 0.00
3 370.000 3.00 -0.15 0.15 0.08 0.00 0.00 0.00
3 373.000 3.00 -0.15 0.15 0.08 0.00 0.00 0.00
3 376.000 3.00 -0.15 0.15 0.08 0.00 1.00 0.00
3 378.000 2.00 -0.15 0.15 0.08 0.00 0.00 0.00
3 380.000 2.00 -0.15 0.15 0.08 0.00 0.00 1.00
3 383.000 3.00 -0.15 0.15 0.08 0.00 0.00 0.00
3 386.000 3.00 -0.15 0.15 0.08 -1.00 0.00 0.00
3 389.000 3.00 -0.15 0.15 0.08 0.00 0.00 0.00
3 392.000 3.00 -0.15 0.15 0.08 0.00 0.00 -1.00
3 394.000 2.00 -0.15 0.15 0.08 0.00 0.00 0.00
3 396.000 2.00 -0.15 0.15 0.08 0.00 -1.00 0.00
3 398.000 2.00 -0.15 0.15 0.08 0.00 0.00 0.00
3 400.000 2.00 -0.15 0.15 0.08 1.00 0.00 0.00
3 403.000 3.00 -0.15 0.15 0.08 0.00 0.00 0.00
3 406.000 3.00 0.15 -0.15 0.08 0.00 0.00 0.00
3 409.000 3.00 0.15 -0.15 0.08 0.00 0.00 0.00
3 412.000 3.00 0.15 -0.15 0.08 0.00 0.00 -1.00
3 415.000 3.00 0.15 -0.15 0.08 0.00 0.00 0.00
3 418.000 3.00 0.15 -0.15 0.08 0.00 -1.00 0.00
3 420.000 2.00 0.15 -0.15 0.08 0.00 0.00 0.00
3 422.000 2.00 0.15 -0.15 0.08 0.00 0.00 1.00
3 424.000 2.00 0.15 -0.15 0.08 0.00 0.00 0.00
3 426.000 2.00 0.15 -0.15 0.08 0.00 1.00 0.00
3 428.000 2.00 0.15 -0.15 0.08 0.00 0.00 0.00
3 430.000 2.00 0.15 -0.15 0.08 -1.00 0.00 0.00
3 432.000 2.00 0.15 -0.15 0.08 0.00 0.00 0.00
3 434.000 2.00 0.15 -0.15 0.08 1.00 0.00 0.00
3 436.000 2.00 0.15 -0.15 0.08 0.00 0.00 0.00
0 440.000 4.00 0.00 0.00 0.00 0.00 0.00 0.00
