0 4.000 4.00 0.00 0.00 0.00 0
0 7.000 3.00 0.00 0.00 0.00 0
1 8.300 1.30 0.00 0.00 0.00 0
2 9.300 1.00 -0.00 -0.12 0.10 4
1 10.712 1.41 0.00 0.00 0.00 0
2 11.712 1.00 0.12 0.00 0.10 1
1 12.132 0.42 0.00 0.00 0.00 0
2 13.132 1.00 -0.12 0.00 0.10 3
3 16.132 3.00 -0.12 0.00 0.10 3
1 16.884 0.75 0.00 0.00 0.00 0
2 17.884 1.00 -0.00 -0.12 0.10 4
3 19.884 2.00 -0.00 -0.12 0.10 4
1 20.561 0.68 0.00 0.00 0.00 0
2 21.561 1.00 -0.00 -0.12 0.10 4
1 22.051 0.49 0.00 0.00 0.00 0
2 23.051 1.00 0.12 0.00 0.10 1
3 25.051 2.00 0.12 0.00 0.10 1
0 28.051 3.00 0.00 0.00 0.00 0
1 28.690 0.64 0.00 0.00 0.00 0
2 29.690 1.00 0.12 0.00 0.10 1
1 31.149 1.46 0.00 0.00 0.00 0
2 32.149 1.00 0.00 0.12 0.10 2
1 33.232 1.08 0.00 0.00 0.00 0
2 34.232 1.00 -0.00 -0.12 0.10 4
3 36.232 2.00 -0.00 -0.12 0.10 4
0 39.232 3.00 0.00 0.00 0.00 0
1 39.282 0.05 0.00 0.00 0.00 0
2 40.282 1.00 0.00 0.12 0.10 2
1 42.265 1.98 0.00 0.00 0.00 0
2 43.265 1.00 0.12 -0.00 0.10 5
3 45.265 2.00 0.12 -0.00 0.10 5
1 45.298 0.03 0.00 0.00 0.00 0
2 46.298 1.00 -0.00 -0.12 0.10 4
3 48.298 2.00 -0.00 -0.12 0.10 4
1 48.526 0.23 0.00 0.00 0.00 0
2 49.526 1.00 -0.00 -0.12 0.10 4
3 51.526 2.00 -0.00 -0.12 0.10 4
1 52.406 0.88 0.00 0.00 0.00 0
2 53.406 1.00 -0.12 0.00 0.10 3
3 55.406 2.00 -0.12 0.00 0.10 3
1 55.955 0.55 0.00 0.00 0.00 0
2 56.955 1.00 -0.12 0.00 0.10 3
3 58.955 2.00 -0.12 0.00 0.10 3
1 59.811 0.86 0.00 0.00 0.00 0
2 60.811 1.00 0.00 0.12 0.10 2
0 63.811 3.00 0.00 0.00 0.00 0
1 64.747 0.94 0.00 0.00 0.00 0
2 65.747 1.00 0.12 -0.00 0.10 5
3 67.747 2.00 0.12 -0.00 0.10 5
1 68.114 0.37 0.00 0.00 0.00 0
2 69.114 1.00 -0.12 0.00 0.10 3
3 71.114 2.00 -0.12 0.00 0.10 3
1 71.162 0.05 0.00 0.00 0.00 0
2 72.162 1.00 -0.00 -0.12 0.10 4
3 74.162 2.00 -0.00 -0.12 0.10 4
1 75.759 1.60 0.00 0.00 0.00 0
2 76.759 1.00 0.12 0.00 0.10 1
3 78.759 2.00 0.12 0.00 0.10 1
1 79.251 0.49 0.00 0.00 0.00 0
2 80.251 1.00 0.00 0.12 0.10 2
1 81.277 1.03 0.00 0.00 0.00 0
2 82.277 1.00 0.00 0.12 0.10 2
3 85.277 3.00 0.00 0.12 0.10 2
1 86.758 1.48 0.00 0.00 0.00 0
2 87.758 1.00 0.12 -0.00 0.10 5
0 90.758 3.00 0.00 0.00 0.00 0
0 93.758 3.00 0.00 0.00 0.00 0
0 96.758 3.00 0.00 0.00 0.00 0
1 98.287 1.53 0.00 0.00 0.00 0
2 99.287 1.00 -0.12 0.00 0.10 3
3 101.287 2.00 -0.12 0.00 0.10 3
1 101.520 0.23 0.00 0.00 0.00 0
2 102.520 1.00 0.00 0.12 0.10 2
0 105.520 3.00 0.00 0.00 0.00 0
1 106.160 0.64 0.00 0.00 0.00 0
2 107.160 1.00 0.12 0.00 0.10 1
3 110.160 3.00 0.12 0.00 0.10 1
1 112.118 1.96 0.00 0.00 0.00 0
2 113.118 1.00 -0.00 -0.12 0.10 4
1 114.866 1.75 0.00 0.00 0.00 0
2 115.866 1.00 -0.00 -0.12 0.10 4
3 117.866 2.00 -0.00 -0.12 0.10 4
1 117.908 0.04 0.00 0.00 0.00 0
2 118.908 1.00 -0.12 0.00 0.10 3
3 120.908 2.00 -0.12 0.00 0.10 3
1 122.573 1.67 0.00 0.00 0.00 0
2 123.573 1.00 0.00 0.12 0.10 2
3 126.573 3.00 0.00 0.12 0.10 2
1 127.869 1.30 0.00 0.00 0.00 0
2 128.869 1.00 0.00 0.12 0.10 2
3 130.869 2.00 0.00 0.12 0.10 2
1 131.339 0.47 0.00 0.00 0.00 0
2 132.339 1.00 0.12 -0.00 0.10 5
3 135.339 3.00 0.12 -0.00 0.10 5
1 136.905 1.57 0.00 0.00 0.00 0
2 137.905 1.00 0.12 0.00 0.10 1
3 139.905 2.00 0.12 0.00 0.10 1
1 140.169 0.26 0.00 0.00 0.00 0
2 141.169 1.00 0.12 -0.00 0.10 5
3 143.169 2.00 0.12 -0.00 0.10 5
1 143.722 0.55 0.00 0.00 0.00 0
2 144.722 1.00 -0.00 -0.12 0.10 4
3 147.722 3.00 -0.00 -0.12 0.10 4
1 148.766 1.04 0.00 0.00 0.00 0
2 149.766 1.00 0.12 -0.00 0.10 5
3 151.766 2.00 0.12 -0.00 0.10 5
0 154.766 3.00 0.00 0.00 0.00 0
1 156.473 1.71 0.00 0.00 0.00 0
2 157.473 1.00 0.12 0.00 0.10 1
3 159.473 2.00 0.12 0.00 0.10 1
1 161.183 1.71 0.00 0.00 0.00 0
2 162.183 1.00 0.12 -0.00 0.10 5
3 164.183 2.00 0.12 -0.00 0.10 5
1 165.774 1.59 0.00 0.00 0.00 0
2 166.774 1.00 0.12 0.00 0.10 1
1 167.269 0.50 0.00 0.00 0.00 0
2 168.269 1.00 -0.12 0.00 0.10 3
3 170.269 2.00 -0.12 0.00 0.10 3
1 170.671 0.40 0.00 0.00 0.00 0
2 171.671 1.00 -0.12 0.00 0.10 3
3 173.671 2.00 -0.12 0.00 0.10 3
1 174.368 0.70 0.00 0.00 0.00 0
2 175.368 1.00 0.12 -0.00 0.10 5
3 177.368 2.00 0.12 -0.00 0.10 5
1 177.992 0.62 0.00 0.00 0.00 0
2 178.992 1.00 0.12 0.00 0.10 1
3 181.992 3.00 0.12 0.00 0.10 1
1 182.067 0.07 0.00 0.00 0.00 0
2 183.067 1.00 0.00 0.12 0.10 2
3 185.067 2.00 0.00 0.12 0.10 2
1 185.430 0.36 0.00 0.00 0.00 0
2 186.430 1.00 -0.12 0.00 0.10 3
1 186.737 0.31 0.00 0.00 0.00 0
2 187.737 1.00 -0.00 -0.12 0.10 4
0 190.737 3.00 0.00 0.00 0.00 0
1 191.777 1.04 0.00 0.00 0.00 0
2 192.777 1.00 0.12 -0.00 0.10 5
3 194.777 2.00 0.12 -0.00 0.10 5
1 195.537 0.76 0.00 0.00 0.00 0
2 196.537 1.00 0.12 -0.00 0.10 5
3 198.537 2.00 0.12 -0.00 0.10 5
1 199.041 0.50 0.00 0.00 0.00 0
2 200.041 1.00 -0.12 0.00 0.10 3
1 200.823 0.78 0.00 0.00 0.00 0
2 201.823 1.00 0.12 -0.00 0.10 5
3 203.823 2.00 0.12 -0.00 0.10 5
0 206.823 3.00 0.00 0.00 0.00 0
0 209.823 3.00 0.00 0.00 0.00 0
1 211.132 1.31 0.00 0.00 0.00 0
2 212.132 1.00 0.12 0.00 0.10 1
3 215.132 3.00 0.12 0.00 0.10 1
0 218.132 3.00 0.00 0.00 0.00 0
1 218.277 0.15 0.00 0.00 0.00 0
2 219.277 1.00 0.12 0.00 0.10 1
3 221.277 2.00 0.12 0.00 0.10 1
1 221.486 0.21 0.00 0.00 0.00 0
2 222.486 1.00 0.00 0.12 0.10 2
3 224.486 2.00 0.00 0.12 0.10 2
1 225.590 1.10 0.00 0.00 0.00 0
2 226.590 1.00 -0.12 0.00 0.10 3
1 226.735 0.14 0.00 0.00 0.00 0
2 227.735 1.00 0.12 0.00 0.10 1
3 229.735 2.00 0.12 0.00 0.10 1
1 230.652 0.92 0.00 0.00 0.00 0
2 231.652 1.00 0.12 -0.00 0.10 5
3 233.652 2.00 0.12 -0.00 0.10 5
1 235.043 1.39 0.00 0.00 0.00 0
2 236.043 1.00 0.12 0.00 0.10 1
3 239.043 3.00 0.12 0.00 0.10 1
1 239.892 0.85 0.00 0.00 0.00 0
2 240.892 1.00 -0.00 -0.12 0.10 4
1 241.775 0.88 0.00 0.00 0.00 0
2 242.775 1.00 0.00 0.12 0.10 2
3 244.775 2.00 0.00 0.12 0.10 2
1 245.465 0.69 0.00 0.00 0.00 0
2 246.465 1.00 -0.00 -0.12 0.10 4
3 249.465 3.00 -0.00 -0.12 0.10 4
1 250.221 0.76 0.00 0.00 0.00 0
2 251.221 1.00 0.00 0.12 0.10 2
3 254.221 3.00 0.00 0.12 0.10 2
1 254.720 0.50 0.00 0.00 0.00 0
2 255.720 1.00 0.00 0.12 0.10 2
3 257.720 2.00 0.00 0.12 0.10 2
1 258.071 0.35 0.00 0.00 0.00 0
2 259.071 1.00 0.12 -0.00 0.10 5
1 259.213 0.14 0.00 0.00 0.00 0
2 260.213 1.00 -0.12 0.00 0.10 3
3 262.213 2.00 -0.12 0.00 0.10 3
1 263.575 1.36 0.00 0.00 0.00 0
2 264.575 1.00 -0.12 0.00 0.10 3
3 266.575 2.00 -0.12 0.00 0.10 3
0 269.000 2.42 0.00 0.00 0.00 0
