1 8.000 8.000 0.000 0.000 0.000
1 10.000 2.000 0.000 0.000 0.000
2 11.000 1.000 -0.081 -0.085 0.024
3 13.000 2.000 -0.081 -0.085 0.024
1 15.000 2.000 0.000 0.000 0.000
2 16.000 1.000 0.082 -0.085 0.028
3 18.000 2.000 0.082 -0.085 0.028
1 21.000 3.000 0.000 0.000 0.000
2 22.000 1.000 0.081 -0.085 0.076
1 24.000 2.000 0.000 0.000 0.000
2 25.000 1.000 -0.081 -0.085 0.024
3 27.000 2.000 -0.081 -0.085 0.024
1 30.000 3.000 0.000 0.000 0.000
2 31.000 1.000 0.081 -0.085 0.076
3 33.000 2.000 0.081 -0.085 0.076
1 35.000 2.000 0.000 0.000 0.000
2 36.000 1.000 0.082 -0.085 0.028
0 39.000 3.000 0.000 0.000 0.000
1 41.000 2.000 0.000 0.000 0.000
2 42.000 1.000 -0.081 0.085 0.024
1 44.000 2.000 0.000 0.000 0.000
2 45.000 1.000 0.081 0.085 0.076
1 47.000 2.000 0.000 0.000 0.000
2 48.000 1.000 -0.082 -0.085 0.072
1 51.000 3.000 0.000 0.000 0.000
2 53.000 2.000 0.082 0.085 0.028
1 56.000 3.000 0.000 0.000 0.000
2 58.000 2.000 -0.081 0.085 0.024
3 60.000 2.000 -0.081 0.085 0.024
1 63.000 3.000 0.000 0.000 0.000
2 64.000 1.000 0.082 0.085 0.028
3 66.000 2.000 0.082 0.085 0.028
1 69.000 3.000 0.000 0.000 0.000
2 70.000 1.000 -0.000 -0.120 0.050
3 72.000 2.000 -0.000 -0.120 0.050
1 74.000 2.000 0.000 0.000 0.000
2 75.000 1.000 -0.082 -0.085 0.072
3 78.000 3.000 -0.082 -0.085 0.072
1 80.000 2.000 0.000 0.000 0.000
2 81.000 1.000 0.116 0.000 0.019
1 83.000 2.000 0.000 0.000 0.000
2 84.000 1.000 0.114 0.000 0.087
0 87.000 3.000 0.000 0.000 0.000
1 90.000 3.000 0.000 0.000 0.000
2 92.000 2.000 0.000 0.120 0.050
3 94.000 2.000 0.000 0.120 0.050
1 97.000 3.000 0.000 0.000 0.000
2 98.000 1.000 0.082 -0.085 0.028
1 101.000 3.000 0.000 0.000 0.000
2 103.000 2.000 -0.114 0.000 0.013
1 105.000 2.000 0.000 0.000 0.000
2 107.000 2.000 -0.081 -0.085 0.024
1 109.000 2.000 0.000 0.000 0.000
2 110.000 1.000 -0.000 -0.120 0.050
1 112.000 2.000 0.000 0.000 0.000
2 113.000 1.000 0.000 0.120 0.050
3 115.000 2.000 0.000 0.120 0.050
1 118.000 3.000 0.000 0.000 0.000
2 119.000 1.000 -0.082 -0.085 0.072
3 121.000 2.000 -0.082 -0.085 0.072
1 123.000 2.000 0.000 0.000 0.000
2 124.000 1.000 -0.114 0.000 0.013
3 126.000 2.000 -0.114 0.000 0.013
1 128.000 2.000 0.000 0.000 0.000
2 129.000 1.000 0.114 0.000 0.087
3 131.000 2.000 0.114 0.000 0.087
1 133.000 2.000 0.000 0.000 0.000
2 134.000 1.000 -0.116 0.000 0.081
1 136.000 2.000 0.000 0.000 0.000
2 137.000 1.000 -0.114 0.000 0.013
3 140.000 3.000 -0.114 0.000 0.013
1 142.000 2.000 0.000 0.000 0.000
2 143.000 1.000 0.000 0.120 0.050
1 146.000 3.000 0.000 0.000 0.000
2 147.000 1.000 -0.081 0.085 0.024
1 150.000 3.000 0.000 0.000 0.000
2 152.000 2.000 -0.082 0.085 0.072
3 154.000 2.000 -0.082 0.085 0.072
1 156.000 2.000 0.000 0.000 0.000
2 158.000 2.000 -0.114 0.000 0.013
1 161.000 3.000 0.000 0.000 0.000
2 162.000 1.000 0.082 -0.085 0.028
3 164.000 2.000 0.082 -0.085 0.028
1 166.000 2.000 0.000 0.000 0.000
2 167.000 1.000 0.116 0.000 0.019
1 170.000 3.000 0.000 0.000 0.000
2 171.000 1.000 -0.000 -0.120 0.050
3 173.000 2.000 -0.000 -0.120 0.050
1 176.000 3.000 0.000 0.000 0.000
2 177.000 1.000 -0.116 0.000 0.081
3 179.000 2.000 -0.116 0.000 0.081
1 181.000 2.000 0.000 0.000 0.000
2 182.000 1.000 0.081 -0.085 0.076
1 184.000 2.000 0.000 0.000 0.000
2 185.000 1.000 0.081 0.085 0.076
3 187.000 2.000 0.081 0.085 0.076
1 189.000 2.000 0.000 0.000 0.000
2 190.000 1.000 -0.116 0.000 0.081
1 192.000 2.000 0.000 0.000 0.000
2 193.000 1.000 0.114 0.000 0.087
1 195.000 2.000 0.000 0.000 0.000
2 196.000 1.000 0.081 -0.085 0.076
1 199.000 3.000 0.000 0.000 0.000
2 201.000 2.000 0.000 0.120 0.050
1 204.000 3.000 0.000 0.000 0.000
2 205.000 1.000 -0.081 0.085 0.024
3 208.000 3.000 -0.081 0.085 0.024
0 211.000 3.000 0.000 0.000 0.000
1 214.000 3.000 0.000 0.000 0.000
2 215.000 1.000 0.114 0.000 0.087
3 217.000 2.000 0.114 0.000 0.087
1 219.000 2.000 0.000 0.000 0.000
2 221.000 2.000 0.081 -0.085 0.076
3 223.000 2.000 0.081 -0.085 0.076
1 225.000 2.000 0.000 0.000 0.000
2 227.000 2.000 0.082 0.085 0.028
3 229.000 2.000 0.082 0.085 0.028
1 231.000 2.000 0.000 0.000 0.000
2 232.000 1.000 -0.114 0.000 0.013
3 234.000 2.000 -0.114 0.000 0.013
1 237.000 3.000 0.000 0.000 0.000
2 238.000 1.000 -0.114 0.000 0.013
1 240.000 2.000 0.000 0.000 0.000
2 242.000 2.000 -0.082 0.085 0.072
1 245.000 3.000 0.000 0.000 0.000
2 246.000 1.000 0.082 0.085 0.028
1 249.000 3.000 0.000 0.000 0.000
2 250.000 1.000 -0.081 0.085 0.024
3 252.000 2.000 -0.081 0.085 0.024
1 254.000 2.000 0.000 0.000 0.000
2 256.000 2.000 -0.116 0.000 0.081
1 259.000 3.000 0.000 0.000 0.000
2 261.000 2.000 -0.082 -0.085 0.072
1 263.000 2.000 0.000 0.000 0.000
2 264.000 1.000 -0.082 0.085 0.072
3 266.000 2.000 -0.082 0.085 0.072
1 269.000 3.000 0.000 0.000 0.000
2 270.000 1.000 -0.082 -0.085 0.072
1 272.000 2.000 0.000 0.000 0.000
2 274.000 2.000 -0.081 -0.085 0.024
1 276.000 2.000 0.000 0.000 0.000
2 277.000 1.000 0.082 -0.085 0.028
3 280.000 3.000 0.082 -0.085 0.028
1 282.000 2.000 0.000 0.000 0.000
2 283.000 1.000 0.082 0.085 0.028
3 286.000 3.000 0.082 0.085 0.028
1 288.000 2.000 0.000 0.000 0.000
2 290.000 2.000 0.116 0.000 0.019
1 292.000 2.000 0.000 0.000 0.000
2 294.000 2.000 0.081 -0.085 0.076
3 297.000 3.000 0.081 -0.085 0.076
1 299.000 2.000 0.000 0.000 0.000
2 300.000 1.000 -0.116 0.000 0.081
3 302.000 2.000 -0.116 0.000 0.081
1 304.000 2.000 0.000 0.000 0.000
2 305.000 1.000 0.081 0.085 0.076
3 308.000 3.000 0.081 0.085 0.076
1 311.000 3.000 0.000 0.000 0.000
2 313.000 2.000 0.000 0.120 0.050
3 315.000 2.000 0.000 0.120 0.050
1 317.000 2.000 0.000 0.000 0.000
2 318.000 1.000 -0.081 -0.085 0.024
3 320.000 2.000 -0.081 -0.085 0.024
1 322.000 2.000 0.000 0.000 0.000
2 323.000 1.000 0.114 0.000 0.087
3 325.000 2.000 0.114 0.000 0.087
1 327.000 2.000 0.000 0.000 0.000
2 328.000 1.000 0.081 0.085 0.076
1 331.000 3.000 0.000 0.000 0.000
2 332.000 1.000 0.081 0.085 0.076
1 334.000 2.000 0.000 0.000 0.000
2 335.000 1.000 -0.082 0.085 0.072
1 338.000 3.000 0.000 0.000 0.000
2 339.000 1.000 -0.082 -0.085 0.072
3 341.000 2.000 -0.082 -0.085 0.072
1 343.000 2.000 0.000 0.000 0.000
2 345.000 2.000 -0.081 -0.085 0.024
1 347.000 2.000 0.000 0.000 0.000
2 348.000 1.000 -0.000 -0.120 0.050
1 351.000 3.000 0.000 0.000 0.000
2 352.000 1.000 -0.000 -0.120 0.050
1 354.000 2.000 0.000 0.000 0.000
2 355.000 1.000 -0.081 0.085 0.024
1 358.000 3.000 0.000 0.000 0.000
2 359.000 1.000 0.000 0.120 0.050
1 361.000 2.000 0.000 0.000 0.000
2 362.000 1.000 -0.000 -0.120 0.050
3 364.000 2.000 -0.000 -0.120 0.050
1 367.000 3.000 0.000 0.000 0.000
2 369.000 2.000 0.082 -0.085 0.028
1 372.000 3.000 0.000 0.000 0.000
2 373.000 1.000 -0.082 0.085 0.072
1 375.000 2.000 0.000 0.000 0.000
2 376.000 1.000 0.082 0.085 0.028
1 378.000 2.000 0.000 0.000 0.000
2 380.000 2.000 -0.082 0.085 0.072
3 382.000 2.000 -0.082 0.085 0.072
1 384.000 2.000 0.000 0.000 0.000
2 385.000 1.000 0.081 0.085 0.076
3 387.000 2.000 0.081 0.085 0.076
1 389.000 2.000 0.000 0.000 0.000
2 390.000 1.000 -0.116 0.000 0.081
3 393.000 3.000 -0.116 0.000 0.081
1 395.000 2.000 0.000 0.000 0.000
2 396.000 1.000 0.114 0.000 0.087
1 399.000 3.000 0.000 0.000 0.000
