1 8.000 8.000 0.000 0.000 0.000
1 10.000 2.000 0.000 0.000 0.000
2 12.000 2.000 -0.116 0.000 0.081
3 15.000 3.000 -0.116 0.000 0.081
1 17.000 2.000 0.000 0.000 0.000
2 18.000 1.000 -0.000 -0.120 0.050
3 21.000 3.000 -0.000 -0.120 0.050
1 23.000 2.000 0.000 0.000 0.000
2 24.000 1.000 0.081 -0.085 0.076
3 27.000 3.000 0.081 -0.085 0.076
1 30.000 3.000 0.000 0.000 0.000
2 32.000 2.000 -0.082 0.085 0.072
3 35.000 3.000 -0.082 0.085 0.072
1 37.000 2.000 0.000 0.000 0.000
2 38.000 1.000 -0.081 -0.085 0.024
3 40.000 2.000 -0.081 -0.085 0.024
1 42.000 2.000 0.000 0.000 0.000
2 43.000 1.000 -0.116 0.000 0.081
3 46.000 3.000 -0.116 0.000 0.081
0 49.000 3.000 0.000 0.000 0.000
1 51.000 2.000 0.000 0.000 0.000
2 53.000 2.000 0.081 -0.085 0.076
1 56.000 3.000 0.000 0.000 0.000
2 57.000 1.000 0.082 0.085 0.028
3 60.000 3.000 0.082 0.085 0.028
1 62.000 2.000 0.000 0.000 0.000
2 63.000 1.000 0.000 0.120 0.050
1 65.000 2.000 0.000 0.000 0.000
2 66.000 1.000 0.082 -0.085 0.028
1 68.000 2.000 0.000 0.000 0.000
2 69.000 1.000 0.082 0.085 0.028
3 71.000 2.000 0.082 0.085 0.028
1 74.000 3.000 0.000 0.000 0.000
2 75.000 1.000 -0.000 -0.120 0.050
3 77.000 2.000 -0.000 -0.120 0.050
1 79.000 2.000 0.000 0.000 0.000
2 80.000 1.000 0.081 0.085 0.076
3 82.000 2.000 0.081 0.085 0.076
0 85.000 3.000 0.000 0.000 0.000
1 87.000 2.000 0.000 0.000 0.000
2 88.000 1.000 -0.116 0.000 0.081
1 90.000 2.000 0.000 0.000 0.000
2 91.000 1.000 0.082 0.085 0.028
1 93.000 2.000 0.000 0.000 0.000
2 95.000 2.000 -0.081 0.085 0.024
1 97.000 2.000 0.000 0.000 0.000
2 98.000 1.000 -0.116 0.000 0.081
3 101.000 3.000 -0.116 0.000 0.081
1 103.000 2.000 0.000 0.000 0.000
2 104.000 1.000 0.000 0.120 0.050
1 106.000 2.000 0.000 0.000 0.000
2 107.000 1.000 -0.116 0.000 0.081
1 109.000 2.000 0.000 0.000 0.000
2 111.000 2.000 -0.081 0.085 0.024
3 113.000 2.000 -0.081 0.085 0.024
1 115.000 2.000 0.000 0.000 0.000
2 116.000 1.000 0.082 0.085 0.028
1 118.000 2.000 0.000 0.000 0.000
2 119.000 1.000 0.081 -0.085 0.076
3 122.000 3.000 0.081 -0.085 0.076
1 124.000 2.000 0.000 0.000 0.000
2 125.000 1.000 0.116 0.000 0.019
1 127.000 2.000 0.000 0.000 0.000
2 129.000 2.000 0.116 0.000 0.019
1 132.000 3.000 0.000 0.000 0.000
2 134.000 2.000 0.000 0.120 0.050
3 136.000 2.000 0.000 0.120 0.050
1 139.000 3.000 0.000 0.000 0.000
2 141.000 2.000 -0.114 0.000 0.013
1 144.000 3.000 0.000 0.000 0.000
2 145.000 1.000 -0.082 0.085 0.072
3 147.000 2.000 -0.082 0.085 0.072
1 150.000 3.000 0.000 0.000 0.000
2 152.000 2.000 -0.000 -0.120 0.050
3 154.000 2.000 -0.000 -0.120 0.050
1 156.000 2.000 0.000 0.000 0.000
2 157.000 1.000 -0.116 0.000 0.081
1 159.000 2.000 0.000 0.000 0.000
2 160.000 1.000 -0.081 -0.085 0.024
3 162.000 2.000 -0.081 -0.085 0.024
1 164.000 2.000 0.000 0.000 0.000
2 166.000 2.000 0.082 -0.085 0.028
1 168.000 2.000 0.000 0.000 0.000
2 170.000 2.000 -0.000 -0.120 0.050
1 172.000 2.000 0.000 0.000 0.000
2 173.000 1.000 -0.082 0.085 0.072
1 175.000 2.000 0.000 0.000 0.000
2 176.000 1.000 -0.081 0.085 0.024
1 179.000 3.000 0.000 0.000 0.000
2 180.000 1.000 -0.000 -0.120 0.050
1 183.000 3.000 0.000 0.000 0.000
2 184.000 1.000 -0.082 -0.085 0.072
3 186.000 2.000 -0.082 -0.085 0.072
1 188.000 2.000 0.000 0.000 0.000
2 190.000 2.000 0.000 0.120 0.050
1 192.000 2.000 0.000 0.000 0.000
2 193.000 1.000 -0.114 0.000 0.013
1 195.000 2.000 0.000 0.000 0.000
2 197.000 2.000 -0.114 0.000 0.013
3 199.000 2.000 -0.114 0.000 0.013
1 201.000 2.000 0.000 0.000 0.000
2 202.000 1.000 -0.114 0.000 0.013
1 204.000 2.000 0.000 0.000 0.000
2 205.000 1.000 0.082 0.085 0.028
1 207.000 2.000 0.000 0.000 0.000
2 208.000 1.000 -0.081 -0.085 0.024
1 210.000 2.000 0.000 0.000 0.000
2 211.000 1.000 0.081 -0.085 0.076
1 214.000 3.000 0.000 0.000 0.000
2 216.000 2.000 -0.082 0.085 0.072
1 219.000 3.000 0.000 0.000 0.000
2 220.000 1.000 0.114 0.000 0.087
3 222.000 2.000 0.114 0.000 0.087
1 224.000 2.000 0.000 0.000 0.000
2 226.000 2.000 0.114 0.000 0.087
1 228.000 2.000 0.000 0.000 0.000
2 230.000 2.000 0.082 -0.085 0.028
3 233.000 3.000 0.082 -0.085 0.028
1 235.000 2.000 0.000 0.000 0.000
2 236.000 1.000 0.114 0.000 0.087
3 238.000 2.000 0.114 0.000 0.087
0 241.000 3.000 0.000 0.000 0.000
1 244.000 3.000 0.000 0.000 0.000
2 245.000 1.000 0.082 0.085 0.028
3 247.000 2.000 0.082 0.085 0.028
1 249.000 2.000 0.000 0.000 0.000
2 251.000 2.000 0.114 0.000 0.087
1 253.000 2.000 0.000 0.000 0.000
2 254.000 1.000 -0.082 -0.085 0.072
1 256.000 2.000 0.000 0.000 0.000
2 257.000 1.000 -0.082 -0.085 0.072
3 260.000 3.000 -0.082 -0.085 0.072
1 262.000 2.000 0.000 0.000 0.000
2 263.000 1.000 0.116 0.000 0.019
1 265.000 2.000 0.000 0.000 0.000
2 266.000 1.000 -0.081 -0.085 0.024
1 268.000 2.000 0.000 0.000 0.000
2 269.000 1.000 -0.000 -0.120 0.050
1 271.000 2.000 0.000 0.000 0.000
2 272.000 1.000 -0.082 -0.085 0.072
1 274.000 2.000 0.000 0.000 0.000
2 276.000 2.000 -0.081 0.085 0.024
1 278.000 2.000 0.000 0.000 0.000
2 279.000 1.000 -0.081 -0.085 0.024
1 281.000 2.000 0.000 0.000 0.000
2 282.000 1.000 -0.082 0.085 0.072
1 285.000 3.000 0.000 0.000 0.000
2 286.000 1.000 0.000 0.120 0.050
3 289.000 3.000 0.000 0.120 0.050
1 291.000 2.000 0.000 0.000 0.000
2 293.000 2.000 -0.081 0.085 0.024
3 295.000 2.000 -0.081 0.085 0.024
1 297.000 2.000 0.000 0.000 0.000
2 299.000 2.000 0.081 0.085 0.076
1 302.000 3.000 0.000 0.000 0.000
2 304.000 2.000 0.082 -0.085 0.028
1 307.000 3.000 0.000 0.000 0.000
2 308.000 1.000 0.114 0.000 0.087
1 310.000 2.000 0.000 0.000 0.000
2 311.000 1.000 0.081 -0.085 0.076
3 313.000 2.000 0.081 -0.085 0.076
1 315.000 2.000 0.000 0.000 0.000
2 316.000 1.000 0.000 0.120 0.050
3 318.000 2.000 0.000 0.120 0.050
1 320.000 2.000 0.000 0.000 0.000
2 322.000 2.000 -0.081 -0.085 0.024
3 325.000 3.000 -0.081 -0.085 0.024
1 327.000 2.000 0.000 0.000 0.000
2 328.000 1.000 -0.082 0.085 0.072
3 331.000 3.000 -0.082 0.085 0.072
1 333.000 2.000 0.000 0.000 0.000
2 334.000 1.000 -0.114 0.000 0.013
3 336.000 2.000 -0.114 0.000 0.013
1 338.000 2.000 0.000 0.000 0.000
2 339.000 1.000 0.082 -0.085 0.028
3 341.000 2.000 0.082 -0.085 0.028
1 343.000 2.000 0.000 0.000 0.000
2 344.000 1.000 0.081 0.085 0.076
3 346.000 2.000 0.081 0.085 0.076
1 348.000 2.000 0.000 0.000 0.000
2 349.000 1.000 0.081 0.085 0.076
1 351.000 2.000 0.000 0.000 0.000
2 352.000 1.000 0.114 0.000 0.087
3 354.000 2.000 0.114 0.000 0.087
1 357.000 3.000 0.000 0.000 0.000
2 358.000 1.000 -0.114 0.000 0.013
3 360.000 2.000 -0.114 0.000 0.013
1 363.000 3.000 0.000 0.000 0.000
2 364.000 1.000 -0.082 -0.085 0.072
1 366.000 2.000 0.000 0.000 0.000
2 367.000 1.000 0.081 -0.085 0.076
1 369.000 2.000 0.000 0.000 0.000
2 370.000 1.000 -0.082 -0.085 0.072
3 372.000 2.000 -0.082 -0.085 0.072
1 375.000 3.000 0.000 0.000 0.000
2 377.000 2.000 0.081 0.085 0.076
1 379.000 2.000 0.000 0.000 0.000
2 380.000 1.000 -0.081 0.085 0.024
3 382.000 2.000 -0.081 0.085 0.024
1 385.000 3.000 0.000 0.000 0.000
2 386.000 1.000 0.081 0.085 0.076
3 388.000 2.000 0.081 0.085 0.076
1 391.000 3.000 0.000 0.000 0.000
2 392.000 1.000 0.082 -0.085 0.028
3 395.000 3.000 0.082 -0.085 0.028
1 399.000 4.000 0.000 0.000 0.000
