0 8.000 8.00 0.00 0.00 0.00 0.00 0.00 0.00
3 11.000 3.00 0.15 0.15 0.08 0.00 0.00 0.00
3 14.000 3.00 0.15 0.15 0.08 0.00 0.00 0.00
3 17.000 3.00 0.15 0.15 0.08 1.00 0.00 0.00
3 20.000 3.00 0.15 0.15 0.08 0.00 0.00 0.00
3 23.000 3.00 0.15 0.15 0.08 0.00 1.00 0.00
3 25.000 2.00 0.15 0.15 0.08 0.00 0.00 0.00
3 27.000 2.00 0.15 0.15 0.08 -1.00 0.00 0.00
3 30.000 3.00 0.15 0.15 0.08 0.00 0.00 0.00
3 33.000 3.00 0.15 0.15 0.08 0.00 -1.00 0.00
3 35.000 2.00 0.15 0.15 0.08 0.00 0.00 0.00
3 37.000 2.00 0.15 0.15 0.08 0.00 0.00 -1.00
3 40.000 3.00 0.15 0.15 0.08 0.00 0.00 0.00
3 43.000 3.00 0.15 0.15 0.08 0.00 0.00 1.00
3 45.000 2.00 0.15 0.15 0.08 0.00 0.00 0.00
3 48.000 3.00 0.15 0.15 0.03 0.00 0.00 0.00
3 50.000 2.00 0.15 0.15 0.03 0.00 0.00 0.00
3 52.000 2.00 0.15 0.15 0.03 1.00 0.00 0.00
3 55.000 3.00 0.15 0.15 0.03 0.00 0.00 0.00
3 58.000 3.00 0.15 0.15 0.03 -1.00 0.00 0.00
3 60.000 2.00 0.15 0.15 0.03 0.00 0.00 0.00
3 62.000 2.00 0.15 0.15 0.03 0.00 0.00 -1.00
3 64.000 2.00 0.15 0.15 0.03 0.00 0.00 0.00
3 66.000 2.00 0.15 0.15 0.03 0.00 -1.00 0.00
3 69.000 3.00 0.15 0.15 0.03 0.00 0.00 0.00
3 72.000 3.00 0.15 0.15 0.03 0.00 1.00 0.00
3 74.000 2.00 0.15 0.15 0.03 0.00 0.00 0.00
3 76.000 2.00 0.15 0.15 0.03 0.00 0.00 1.00
3 79.000 3.00 0.15 0.15 0.03 0.00 0.00 0.00
3 82.000 3.00 0.00 0.15 0.08 0.00 0.00 0.00
3 85.000 3.00 0.00 0.15 0.08 0.00 0.00 0.00
3 88.000 3.00 0.00 0.15 0.08 -1.00 0.00 0.00
3 91.000 3.00 0.00 0.15 0.08 0.00 0.00 0.00
3 94.000 3.00 0.00 0.15 0.08 1.00 0.00 0.00
3 96.000 2.00 0.00 0.15 0.08 0.00 0.00 0.00
3 98.000 2.00 0.00 0.15 0.08 0.00 0.00 1.00
3 100.000 2.00 0.00 0.15 0.08 0.00 0.00 0.00
3 102.000 2.00 0.00 0.15 0.08 0.00 -1.00 0.00
3 104.000 2.00 0.00 0.15 0.08 0.00 0.00 0.00
3 106.000 2.00 0.00 0.15 0.08 0.00 1.00 0.00
3 109.000 3.00 0.00 0.15 0.08 0.00 0.00 0.00
3 112.000 3.00 0.00 0.15 0.08 0.00 0.00 -1.00
3 114.000 2.00 0.00 0.15 0.08 0.00 0.00 0.00
3 117.000 3.00 -0.15 0.15 0.08 0.00 0.00 0.00
3 120.000 3.00 -0.15 0.15 0.08 0.00 0.00 0.00
3 123.000 3.00 -0.15 0.15 0.08 -1.00 0.00 0.00
3 125.000 2.00 -0.15 0.15 0.08 0.00 0.00 0.00
3 127.000 2.00 -0.15 0.15 0.08 0.00 0.00 1.00
3 130.000 3.00 -0.15 0.15 0.08 0.00 0.00 0.00
3 133.000 3.00 -0.15 0.15 0.08 0.00 -1.00 0.00
3 135.000 2.00 -0.15 0.15 0.08 0.00 0.00 0.00
3 137.000 2.00 -0.15 0.15 0.08 0.00 0.00 -1.00
3 140.000 3.00 -0.15 0.15 0.08 0.00 0.00 0.00
3 143.000 3.00 -0.15 0.15 0.08 0.00 1.00 0.00
3 145.000 2.00 -0.15 0.15 0.08 0.00 0.00 0.00
3 147.000 2.00 -0.15 0.15 0.08 1.00 0.00 0.00
3 149.000 2.00 -0.15 0.15 0.08 0.00 0.00 0.00
0 154.000 5.00 0.00 0.00 0.00 0.00 0.00 0.00
3 157.000 3.00 0.00 0.15 0.03 0.00 0.00 0.00
3 160.000 3.00 0.00 0.15 0.03 0.00 0.00 0.00
3 163.000 3.00 0.00 0.15 0.03 -1.00 0.00 0.00
3 166.000 3.00 0.00 0.15 0.03 0.00 0.00 0.00
3 169.000 3.00 0.00 0.15 0.03 0.00 1.00 0.00
3 172.000 3.00 0.00 0.15 0.03 0.00 0.00 0.00
3 175.000 3.00 0.00 0.15 0.03 1.00 0.00 0.00
3 177.000 2.00 0.00 0.15 0.03 0.00 0.00 0.00
3 179.000 2.00 0.00 0.15 0.03 0.00 -1.00 0.00
3 182.000 3.00 0.00 0.15 0.03 0.00 0.00 0.00
3 185.000 3.00 0.00 0.15 0.03 0.00 0.00 -1.00
3 187.000 2.00 0.00 0.15 0.03 0.00 0.00 0.00
3 189.000 2.00 0.00 0.15 0.03 0.00 0.00 1.00
3 191.000 2.00 0.00 0.15 0.03 0.00 0.00 0.00
3 194.000 3.00 0.15 -0.15 0.03 0.00 0.00 0.00
3 197.000 3.00 0.15 -0.15 0.03 0.00 0.00 0.00
3 200.000 3.00 0.15 -0.15 0.03 0.00 0.00 -1.00
3 202.000 2.00 0.15 -0.15 0.03 0.00 0.00 0.00
3 204.000 2.00 0.15 -0.15 0.03 0.00 0.00 1.00
3 207.000 3.00 0.15 -0.15 0.03 0.00 0.00 0.00
3 210.000 3.00 0.15 -0.15 0.03 -1.00 0.00 0.00
3 212.000 2.00 0.15 -0.15 0.03 0.00 0.00 0.00
3 214.000 2.00 0.15 -0.15 0.03 1.00 0.00 0.00
3 216.000 2.00 0.15 -0.15 0.03 0.00 0.00 0.00
3 218.000 2.00 0.15 -0.15 0.03 0.00 -1.00 0.00
3 220.000 2.00 0.15 -0.15 0.03 0.00 0.00 0.00
3 222.000 2.00 0.15 -0.15 0.03 0.00 1.00 0.00
3 224.000 2.00 0.15 -0.15 0.03 0.00 0.00 0.00
3 227.000 3.00 0.00 -0.15 0.03 0.00 0.00 0.00
3 230.000 3.00 0.00 -0.15 0.03 0.00 0.00 0.00
3 233.000 3.00 0.00 -0.15 0.03 0.00 1.00 0.00
3 236.000 3.00 0.00 -0.15 0.03 0.00 0.00 0.00
3 239.000 3.00 0.00 -0.15 0.03 0.00 -1.00 0.00
3 242.000 3.00 0.00 -0.15 0.03 0.00 0.00 0.00
3 245.000 3.00 0.00 -0.15 0.03 -1.00 0.00 0.00
3 248.000 3.00 0.00 -0.15 0.03 0.00 0.00 0.00
3 251.000 3.00 0.00 -0.15 0.03 1.00 0.00 0.00
3 253.000 2.00 0.00 -0.15 0.03 0.00 0.00 0.00
3 255.000 2.00 0.00 -0.15 0.03 0.00 0.00 -1.00
3 258.000 3.00 0.00 -0.15 0.03 0.00 0.00 0.00
3 261.000 3.00 0.00 -0.15 0.03 0.00 0.00 1.00
3 264.000 3.00 0.00 -0.15 0.03 0.00 0.00 0.00
3 267.000 3.00 0.15 -0.15 0.08 0.00 0.00 0.00
3 270.000 3.00 0.15 -0.15 0.08 0.00 0.00 0.00
3 273.000 3.00 0.15 -0.15 0.08 0.00 1.00 0.00
3 275.000 2.00 0.15 -0.15 0.08 0.00 0.00 0.00
3 277.000 2.00 0.15 -0.15 0.08 0.00 0.00 -1.00
3 279.000 2.00 0.15 -0.15 0.08 0.00 0.00 0.00
3 281.000 2.00 0.15 -0.15 0.08 0.00 0.00 1.00
3 283.000 2.00 0.15 -0.15 0.08 0.00 0.00 0.00
3 285.000 2.00 0.15 -0.15 0.08 1.00 0.00 0.00
3 287.000 2.00 0.15 -0.15 0.08 0.00 0.00 0.00
3 289.000 2.00 0.15 -0.15 0.08 -1.00 0.00 0.00
3 292.000 3.00 0.15 -0.15 0.08 0.00 0.00 0.00
3 295.000 3.00 0.15 -0.15 0.08 0.00 -1.00 0.00
3 298.000 3.00 0.15 -0.15 0.08 0.00 0.00 0.00
0 303.000 5.00 0.00 0.00 0.00 0.00 0.00 0.00
3 306.000 3.00 -0.15 -0.15 0.08 0.00 0.00 0.00
3 308.000 2.00 -0.15 -0.15 0.08 0.00 0.00 0.00
3 310.000 2.00 -0.15 -0.15 0.08 0.00 -1.00 0.00
3 312.000 2.00 -0.15 -0.15 0.08 0.00 0.00 0.00
3 314.000 2.00 -0.15 -0.15 0.08 0.00 0.00 -1.00
3 316.000 2.00 -0.15 -0.15 0.08 0.00 0.00 0.00
3 318.000 2.00 -0.15 -0.15 0.08 1.00 0.00 0.00
3 320.000 2.00 -0.15 -0.15 0.08 0.00 0.00 0.00
3 322.000 2.00 -0.15 -0.15 0.08 0.00 1.00 0.00
3 324.000 2.00 -0.15 -0.15 0.08 0.00 0.00 0.00
3 326.000 2.00 -0.15 -0.15 0.08 -1.00 0.00 0.00
3 328.000 2.00 -0.15 -0.15 0.08 0.00 0.00 0.00
3 330.000 2.00 -0.15 -0.15 0.08 0.00 0.00 1.00
3 332.000 2.00 -0.15 -0.15 0.08 0.00 0.00 0.00
3 335.000 3.00 -0.15 0.15 0.03 0.00 0.00 0.00
3 337.000 2.00 -0.15 0.15 0.03 0.00 0.00 0.00
3 339.000 2.00 -0.15 0.15 0.03 0.00 0.00 -1.00
3 341.000 2.00 -0.15 0.15 0.03 0.00 0.00 0.00
3 343.000 2.00 -0.15 0.15 0.03 1.00 0.00 0.00
3 345.000 2.00 -0.15 0.15 0.03 0.00 0.00 0.00
3 347.000 2.00 -0.15 0.15 0.03 0.00 -1.00 0.00
3 349.000 2.00 -0.15 0.15 0.03 0.00 0.00 0.00
3 351.000 2.00 -0.15 0.15 0.03 0.00 1.00 0.00
3 354.000 3.00 -0.15 0.15 0.03 0.00 0.00 0.00
3 357.000 3.00 -0.15 0.15 0.03 0.00 0.00 1.00
3 359.000 2.00 -0.15 0.15 0.03 0.00 0.00 0.00
3 361.000 2.00 -0.15 0.15 0.03 -1.00 0.00 0.00
3 363.000 2.00 -0.15 0.15 0.03 0.00 0.00 0.00
3 366.000 3.00 -0.15 -0.15 0.03 0.00 0.00 0.00
3 369.000 3.00 -0.15 -0.15 0.03 0.00 0.00 0.00
3 372.000 3.00 -0.15 -0.15 0.03 1.00 0.00 0.00
3 374.000 2.00 -0.15 -0.15 0.03 0.00 0.00 0.00
3 376.000 2.00 -0.15 -0.15 0.03 0.00 -1.00 0.00
3 378.000 2.00 -0.15 -0.15 0.03 0.00 0.00 0.00
3 380.000 2.00 -0.15 -0.15 0.03 0.00 0.00 1.00
3 383.000 3.00 -0.15 -0.15 0.03 0.00 0.00 0.00
3 386.000 3.00 -0.15 -0.15 0.03 0.00 0.00 -1.00
3 389.000 3.00 -0.15 -0.15 0.03 0.00 0.00 0.00
3 392.000 3.00 -0.15 -0.15 0.03 0.00 1.00 0.00
3 394.000 2.00 -0.15 -0.15 0.03 0.00 0.00 0.00
3 396.000 2.00 -0.15 -0.15 0.03 -1.00 0.00 0.00
3 399.000 3.00 -0.15 -0.15 0.03 0.00 0.00 0.00
3 402.000 3.00 0.00 -0.15 0.08 0.00 0.00 0.00
3 405.000 3.00 0.00 -0.15 0.08 0.00 0.00 0.00
3 408.000 3.00 0.00 -0.15 0.08 0.00 1.00 0.00
3 410.000 2.00 0.00 -0.15 0.08 0.00 0.00 0.00
3 412.000 2.00 0.00 -0.15 0.08 -1.00 0.00 0.00
3 415.000 3.00 0.00 -0.15 0.08 0.00 0.00 0.00
3 418.000 3.00 0.00 -0.15 0.08 0.00 -1.00 0.00
3 421.000 3.00 0.00 -0.15 0.08 0.00 0.00 0.00
3 424.000 3.00 0.00 -0.15 0.08 0.00 0.00 1.00
3 426.000 2.00 0.00 -0.15 0.08 0.00 0.00 0.00
3 428.000 2.00 0.00 -0.15 0.08 1.00 0.00 0.00
3 431.000 3.00 0.00 -0.15 0.08 0.00 0.00 0.00
3 434.000 3.00 0.00 -0.15 0.08 0.00 0.00 -1.00
3 436.000 2.00 0.00 -0.15 0.08 0.00 0.00 0.00
0 440.000 4.00 0.00 0.00 0.00 0.00 0.00 0.00
