0 8.000 8.00 0.00 0.00 0.00 0.00 0.00 0.00
3 11.000 3.00 -0.15 -0.15 0.08 0.00 0.00 0.00
3 13.000 2.00 -0.15 -0.15 0.08 0.00 0.00 0.00
3 15.000 2.00 -0.15 -0.15 0.08 0.00 0.00 1.00
3 18.000 3.00 -0.15 -0.15 0.08 0.00 0.00 0.00
3 21.000 3.00 -0.15 -0.15 0.08 0.00 -1.00 0.00
3 23.000 2.00 -0.15 -0.15 0.08 0.00 0.00 0.00
3 25.000 2.00 -0.15 -0.15 0.08 1.00 0.00 0.00
3 28.000 3.00 -0.15 -0.15 0.08 0.00 0.00 0.00
3 31.000 3.00 -0.15 -0.15 0.08 0.00 1.00 0.00
3 33.000 2.00 -0.15 -0.15 0.08 0.00 0.00 0.00
3 35.000 2.00 -0.15 -0.15 0.08 -1.00 0.00 0.00
3 38.000 3.00 -0.15 -0.15 0.08 0.00 0.00 0.00
3 41.000 3.00 -0.15 -0.15 0.08 0.00 0.00 -1.00
3 43.000 2.00 -0.15 -0.15 0.08 0.00 0.00 0.00
3 46.000 3.00 0.15 0.15 0.08 0.00 0.00 0.00
3 48.000 2.00 0.15 0.15 0.08 0.00 0.00 0.00
3 50.000 2.00 0.15 0.15 0.08 1.00 0.00 0.00
3 53.000 3.00 0.15 0.15 0.08 0.00 0.00 0.00
3 56.000 3.00 0.15 0.15 0.08 0.00 0.00 -1.00
3 58.000 2.00 0.15 0.15 0.08 0.00 0.00 0.00
3 60.000 2.00 0.15 0.15 0.08 0.00 -1.00 0.00
3 63.000 3.00 0.15 0.15 0.08 0.00 0.00 0.00
3 66.000 3.00 0.15 0.15 0.08 0.00 0.00 1.00
3 68.000 2.00 0.15 0.15 0.08 0.00 0.00 0.00
3 70.000 2.00 0.15 0.15 0.08 -1.00 0.00 0.00
3 73.000 3.00 0.15 0.15 0.08 0.00 0.00 0.00
3 76.000 3.00 0.15 0.15 0.08 0.00 1.00 0.00
3 79.000 3.00 0.15 0.15 0.08 0.00 0.00 0.00
0 84.000 5.00 0.00 0.00 0.00 0.00 0.00 0.00
3 87.000 3.00 0.00 0.15 0.03 0.00 0.00 0.00
3 89.000 2.00 0.00 0.15 0.03 0.00 0.00 0.00
3 91.000 2.00 0.00 0.15 0.03 0.00 -1.00 0.00
3 93.000 2.00 0.00 0.15 0.03 0.00 0.00 0.00
3 95.000 2.00 0.00 0.15 0.03 0.00 0.00 -1.00
3 97.000 2.00 0.00 0.15 0.03 0.00 0.00 0.00
3 99.000 2.00 0.00 0.15 0.03 1.00 0.00 0.00
3 102.000 3.00 0.00 0.15 0.03 0.00 0.00 0.00
3 105.000 3.00 0.00 0.15 0.03 0.00 0.00 1.00
3 107.000 2.00 0.00 0.15 0.03 0.00 0.00 0.00
3 109.000 2.00 0.00 0.15 0.03 -1.00 0.00 0.00
3 112.000 3.00 0.00 0.15 0.03 0.00 0.00 0.00
3 115.000 3.00 0.00 0.15 0.03 0.00 1.00 0.00
3 118.000 3.00 0.00 0.15 0.03 0.00 0.00 0.00
3 121.000 3.00 0.15 -0.15 0.03 0.00 0.00 0.00
3 124.000 3.00 0.15 -0.15 0.03 0.00 0.00 0.00
3 127.000 3.00 0.15 -0.15 0.03 1.00 0.00 0.00
3 130.000 3.00 0.15 -0.15 0.03 0.00 0.00 0.00
3 133.000 3.00 0.15 -0.15 0.03 -1.00 0.00 0.00
3 135.000 2.00 0.15 -0.15 0.03 0.00 0.00 0.00
3 137.000 2.00 0.15 -0.15 0.03 0.00 -1.00 0.00
3 140.000 3.00 0.15 -0.15 0.03 0.00 0.00 0.00
3 143.000 3.00 0.15 -0.15 0.03 0.00 1.00 0.00
3 145.000 2.00 0.15 -0.15 0.03 0.00 0.00 0.00
3 147.000 2.00 0.15 -0.15 0.03 0.00 0.00 -1.00
3 149.000 2.00 0.15 -0.15 0.03 0.00 0.00 0.00
3 151.000 2.00 0.15 -0.15 0.03 0.00 0.00 1.00
3 154.000 3.00 0.15 -0.15 0.03 0.00 0.00 0.00
3 157.000 3.00 0.15 0.15 0.03 0.00 0.00 0.00
3 160.000 3.00 0.15 0.15 0.03 0.00 0.00 0.00
3 163.000 3.00 0.15 0.15 0.03 1.00 0.00 0.00
3 166.000 3.00 0.15 0.15 0.03 0.00 0.00 0.00
3 169.000 3.00 0.15 0.15 0.03 0.00 1.00 0.00
3 171.000 2.00 0.15 0.15 0.03 0.00 0.00 0.00
3 173.000 2.00 0.15 0.15 0.03 0.00 -1.00 0.00
3 176.000 3.00 0.15 0.15 0.03 0.00 0.00 0.00
3 179.000 3.00 0.15 0.15 0.03 0.00 0.00 -1.00
3 182.000 3.00 0.15 0.15 0.03 0.00 0.00 0.00
3 185.000 3.00 0.15 0.15 0.03 0.00 0.00 1.00
3 188.000 3.00 0.15 0.15 0.03 0.00 0.00 0.00
3 191.000 3.00 0.15 0.15 0.03 -1.00 0.00 0.00
3 193.000 2.00 0.15 0.15 0.03 0.00 0.00 0.00
3 196.000 3.00 -0.15 -0.15 0.03 0.00 0.00 0.00
3 199.000 3.00 -0.15 -0.15 0.03 0.00 0.00 0.00
3 202.000 3.00 -0.15 -0.15 0.03 0.00 -1.00 0.00
3 204.000 2.00 -0.15 -0.15 0.03 0.00 0.00 0.00
3 206.000 2.00 -0.15 -0.15 0.03 1.00 0.00 0.00
3 208.000 2.00 -0.15 -0.15 0.03 0.00 0.00 0.00
3 210.000 2.00 -0.15 -0.15 0.03 0.00 0.00 1.00
3 212.000 2.00 -0.15 -0.15 0.03 0.00 0.00 0.00
3 214.000 2.00 -0.15 -0.15 0.03 0.00 0.00 -1.00
3 216.000 2.00 -0.15 -0.15 0.03 0.00 0.00 0.00
3 218.000 2.00 -0.15 -0.15 0.03 -1.00 0.00 0.00
3 220.000 2.00 -0.15 -0.15 0.03 0.00 0.00 0.00
3 222.000 2.00 -0.15 -0.15 0.03 0.00 1.00 0.00
3 224.000 2.00 -0.15 -0.15 0.03 0.00 0.00 0.00
3 227.000 3.00 0.15 -0.15 0.08 0.00 0.00 0.00
3 230.000 3.00 0.15 -0.15 0.08 0.00 0.00 0.00
3 233.000 3.00 0.15 -0.15 0.08 0.00 -1.00 0.00
3 236.000 3.00 0.15 -0.15 0.08 0.00 0.00 0.00
3 239.000 3.00 0.15 -0.15 0.08 1.00 0.00 0.00
3 242.000 3.00 0.15 -0.15 0.08 0.00 0.00 0.00
3 245.000 3.00 0.15 -0.15 0.08 -1.00 0.00 0.00
3 248.000 3.00 0.15 -0.15 0.08 0.00 0.00 0.00
3 251.000 3.00 0.15 -0.15 0.08 0.00 1.00 0.00
3 254.000 3.00 0.15 -0.15 0.08 0.00 0.00 0.00
3 257.000 3.00 0.15 -0.15 0.08 0.00 0.00 1.00
3 260.000 3.00 0.15 -0.15 0.08 0.00 0.00 0.00
3 263.000 3.00 0.15 -0.15 0.08 0.00 0.00 -1.00
3 265.000 2.00 0.15 -0.15 0.08 0.00 0.00 0.00
3 268.000 3.00 0.00 -0.15 0.08 0.00 0.00 0.00
3 270.000 2.00 0.00 -0.15 0.08 0.00 0.00 0.00
3 272.000 2.00 0.00 -0.15 0.08 0.00 -1.00 0.00
3 275.000 3.00 0.00 -0.15 0.08 0.00 0.00 0.00
3 278.000 3.00 0.00 -0.15 0.08 -1.00 0.00 0.00
3 280.000 2.00 0.00 -0.15 0.08 0.00 0.00 0.00
3 282.000 2.00 0.00 -0.15 0.08 0.00 0.00 1.00
3 284.000 2.00 0.00 -0.15 0.08 0.00 0.00 0.00
3 286.000 2.00 0.00 -0.15 0.08 1.00 0.00 0.00
3 288.000 2.00 0.00 -0.15 0.08 0.00 0.00 0.00
3 290.000 2.00 0.00 -0.15 0.08 0.00 1.00 0.00
3 292.000 2.00 0.00 -0.15 0.08 0.00 0.00 0.00
3 294.000 2.00 0.00 -0.15 0.08 0.00 0.00 -1.00
3 297.000 3.00 0.00 -0.15 0.08 0.00 0.00 0.00
3 300.000 3.00 0.00 0.15 0.08 0.00 0.00 0.00
3 302.000 2.00 0.00 0.15 0.08 0.00 0.00 0.00
3 304.000 2.00 0.00 0.15 0.08 0.00 0.00 1.00
3 307.000 3.00 0.00 0.15 0.08 0.00 0.00 0.00
3 310.000 3.00 0.00 0.15 0.08 -1.00 0.00 0.00
3 312.000 2.00 0.00 0.15 0.08 0.00 0.00 0.00
3 314.000 2.00 0.00 0.15 0.08 0.00 -1.00 0.00
3 317.000 3.00 0.00 0.15 0.08 0.00 0.00 0.00
3 320.000 3.00 0.00 0.15 0.08 0.00 1.00 0.00
3 322.000 2.00 0.00 0.15 0.08 0.00 0.00 0.00
3 324.000 2.00 0.00 0.15 0.08 0.00 0.00 -1.00
3 326.000 2.00 0.00 0.15 0.08 0.00 0.00 0.00
3 328.000 2.00 0.00 0.15 0.08 1.00 0.00 0.00
3 330.000 2.00 0.00 0.15 0.08 0.00 0.00 0.00
3 333.000 3.00 0.00 -0.15 0.03 0.00 0.00 0.00
3 335.000 2.00 0.00 -0.15 0.03 0.00 0.00 0.00
3 337.000 2.00 0.00 -0.15 0.03 0.00 0.00 -1.00
3 339.000 2.00 0.00 -0.15 0.03 0.00 0.00 0.00
3 341.000 2.00 0.00 -0.15 0.03 -1.00 0.00 0.00
3 343.000 2.00 0.00 -0.15 0.03 0.00 0.00 0.00
3 345.000 2.00 0.00 -0.15 0.03 0.00 1.00 0.00
3 348.000 3.00 0.00 -0.15 0.03 0.00 0.00 0.00
3 351.000 3.00 0.00 -0.15 0.03 0.00 -1.00 0.00
3 353.000 2.00 0.00 -0.15 0.03 0.00 0.00 0.00
3 355.000 2.00 0.00 -0.15 0.03 1.00 0.00 0.00
3 358.000 3.00 0.00 -0.15 0.03 0.00 0.00 0.00
3 361.000 3.00 0.00 -0.15 0.03 0.00 0.00 1.00
3 363.000 2.00 0.00 -0.15 0.03 0.00 0.00 0.00
0 368.000 5.00 0.00 0.00 0.00 0.00 0.00 0.00
3 371.000 3.00 -0.15 0.15 0.08 0.00 0.00 0.00
3 374.000 3.00 -0.15 0.15 0.08 0.00 0.00 0.00
3 377.000 3.00 -0.15 0.15 0.08 1.00 0.00 0.00
3 380.000 3.00 -0.15 0.15 0.08 0.00 0.00 0.00
3 383.000 3.00 -0.15 0.15 0.08 0.00 1.00 0.00
3 385.000 2.00 -0.15 0.15 0.08 0.00 0.00 0.00
3 387.000 2.00 -0.15 0.15 0.08 -1.00 0.00 0.00
3 389.000 2.00 -0.15 0.15 0.08 0.00 0.00 0.00
3 391.000 2.00 -0.15 0.15 0.08 0.00 0.00 1.00
3 393.000 2.00 -0.15 0.15 0.08 0.00 0.00 0.00
3 395.000 2.00 -0.15 0.15 0.08 0.00 -1.00 0.00
3 397.000 2.00 -0.15 0.15 0.08 0.00 0.00 0.00
3 399.000 2.00 -0.15 0.15 0.08 0.00 0.00 -1.00
3 401.000 2.00 -0.15 0.15 0.08 0.00 0.00 0.00
3 404.000 3.00 -0.15 0.15 0.03 0.00 0.00 0.00
3 406.000 2.00 -0.15 0.15 0.03 0.00 0.00 0.00
3 408.000 2.00 -0.15 0.15 0.03 -1.00 0.00 0.00
3 411.000 3.00 -0.15 0.15 0.03 0.00 0.00 0.00
3 414.000 3.00 -0.15 0.15 0.03 0.00 1.00 0.00
3 417.000 3.00 -0.15 0.15 0.03 0.00 0.00 0.00
3 420.000 3.00 -0.15 0.15 0.03 0.00 -1.00 0.00
3 422.000 2.00 -0.15 0.15 0.03 0.00 0.00 0.00
3 424.000 2.00 -0.15 0.15 0.03 0.00 0.00 1.00
3 426.000 2.00 -0.15 0.15 0.03 0.00 0.00 0.00
3 428.000 2.00 -0.15 0.15 0.03 0.00 0.00 -1.00
3 431.000 3.00 -0.15 0.15 0.03 0.00 0.00 0.00
3 434.000 3.00 -0.15 0.15 0.03 1.00 0.00 0.00
3 436.000 2.00 -0.15 0.15 0.03 0.00 0.00 0.00
0 440.000 4.00 0.00 0.00 0.00 0.00 0.00 0.00
