0 8.000 8.00 0.00 0.00 0.00 0.00 0.00 0.00
3 11.000 3.00 0.15 -0.15 0.08 0.00 0.00 0.00
3 13.000 2.00 0.15 -0.15 0.08 0.00 0.00 0.00
3 15.000 2.00 0.15 -0.15 0.08 0.00 1.00 0.00
3 18.000 3.00 0.15 -0.15 0.08 0.00 0.00 0.00
3 21.000 3.00 0.15 -0.15 0.08 0.00 0.00 1.00
3 24.000 3.00 0.15 -0.15 0.08 0.00 0.00 0.00
3 27.000 3.00 0.15 -0.15 0.08 0.00 0.00 -1.00
3 29.000 2.00 0.15 -0.15 0.08 0.00 0.00 0.00
3 31.000 2.00 0.15 -0.15 0.08 -1.00 0.00 0.00
3 34.000 3.00 0.15 -0.15 0.08 0.00 0.00 0.00
3 37.000 3.00 0.15 -0.15 0.08 1.00 0.00 0.00
3 39.000 2.00 0.15 -0.15 0.08 0.00 0.00 0.00
3 41.000 2.00 0.15 -0.15 0.08 0.00 -1.00 0.00
3 43.000 2.00 0.15 -0.15 0.08 0.00 0.00 0.00
3 46.000 3.00 0.15 0.15 0.08 0.00 0.00 0.00
3 48.000 2.00 0.15 0.15 0.08 0.00 0.00 0.00
3 50.000 2.00 0.15 0.15 0.08 -1.00 0.00 0.00
3 53.000 3.00 0.15 0.15 0.08 0.00 0.00 0.00
3 56.000 3.00 0.15 0.15 0.08 0.00 1.00 0.00
3 59.000 3.00 0.15 0.15 0.08 0.00 0.00 0.00
3 62.000 3.00 0.15 0.15 0.08 0.00 0.00 -1.00
3 64.000 2.00 0.15 0.15 0.08 0.00 0.00 0.00
3 66.000 2.00 0.15 0.15 0.08 0.00 -1.00 0.00
3 68.000 2.00 0.15 0.15 0.08 0.00 0.00 0.00
3 70.000 2.00 0.15 0.15 0.08 0.00 0.00 1.00
3 72.000 2.00 0.15 0.15 0.08 0.00 0.00 0.00
3 74.000 2.00 0.15 0.15 0.08 1.00 0.00 0.00
3 77.000 3.00 0.15 0.15 0.08 0.00 0.00 0.00
3 80.000 3.00 -0.15 0.15 0.03 0.00 0.00 0.00
3 82.000 2.00 -0.15 0.15 0.03 0.00 0.00 0.00
3 84.000 2.00 -0.15 0.15 0.03 0.00 0.00 -1.00
3 86.000 2.00 -0.15 0.15 0.03 0.00 0.00 0.00
3 88.000 2.00 -0.15 0.15 0.03 0.00 1.00 0.00
3 91.000 3.00 -0.15 0.15 0.03 0.00 0.00 0.00
3 94.000 3.00 -0.15 0.15 0.03 0.00 -1.00 0.00
3 96.000 2.00 -0.15 0.15 0.03 0.00 0.00 0.00
3 98.000 2.00 -0.15 0.15 0.03 0.00 0.00 1.00
3 101.000 3.00 -0.15 0.15 0.03 0.00 0.00 0.00
3 104.000 3.00 -0.15 0.15 0.03 -1.00 0.00 0.00
3 107.000 3.00 -0.15 0.15 0.03 0.00 0.00 0.00
3 110.000 3.00 -0.15 0.15 0.03 1.00 0.00 0.00
3 113.000 3.00 -0.15 0.15 0.03 0.00 0.00 0.00
3 116.000 3.00 0.00 0.15 0.03 0.00 0.00 0.00
3 118.000 2.00 0.00 0.15 0.03 0.00 0.00 0.00
3 120.000 2.00 0.00 0.15 0.03 -1.00 0.00 0.00
3 123.000 3.00 0.00 0.15 0.03 0.00 0.00 0.00
3 126.000 3.00 0.00 0.15 0.03 0.00 0.00 -1.00
3 128.000 2.00 0.00 0.15 0.03 0.00 0.00 0.00
3 130.000 2.00 0.00 0.15 0.03 1.00 0.00 0.00
3 132.000 2.00 0.00 0.15 0.03 0.00 0.00 0.00
3 134.000 2.00 0.00 0.15 0.03 0.00 1.00 0.00
3 137.000 3.00 0.00 0.15 0.03 0.00 0.00 0.00
3 140.000 3.00 0.00 0.15 0.03 0.00 0.00 1.00
3 143.000 3.00 0.00 0.15 0.03 0.00 0.00 0.00
3 146.000 3.00 0.00 0.15 0.03 0.00 -1.00 0.00
3 149.000 3.00 0.00 0.15 0.03 0.00 0.00 0.00
3 152.000 3.00 -0.15 -0.15 0.03 0.00 0.00 0.00
3 154.000 2.00 -0.15 -0.15 0.03 0.00 0.00 0.00
3 156.000 2.00 -0.15 -0.15 0.03 -1.00 0.00 0.00
3 159.000 3.00 -0.15 -0.15 0.03 0.00 0.00 0.00
3 162.000 3.00 -0.15 -0.15 0.03 0.00 0.00 1.00
3 164.000 2.00 -0.15 -0.15 0.03 0.00 0.00 0.00
3 166.000 2.00 -0.15 -0.15 0.03 0.00 1.00 0.00
3 169.000 3.00 -0.15 -0.15 0.03 0.00 0.00 0.00
3 172.000 3.00 -0.15 -0.15 0.03 0.00 -1.00 0.00
3 174.000 2.00 -0.15 -0.15 0.03 0.00 0.00 0.00
3 176.000 2.00 -0.15 -0.15 0.03 1.00 0.00 0.00
3 179.000 3.00 -0.15 -0.15 0.03 0.00 0.00 0.00
3 182.000 3.00 -0.15 -0.15 0.03 0.00 0.00 -1.00
3 185.000 3.00 -0.15 -0.15 0.03 0.00 0.00 0.00
3 188.000 3.00 0.15 -0.15 0.03 0.00 0.00 0.00
3 190.000 2.00 0.15 -0.15 0.03 0.00 0.00 0.00
3 192.000 2.00 0.15 -0.15 0.03 1.00 0.00 0.00
3 195.000 3.00 0.15 -0.15 0.03 0.00 0.00 0.00
3 198.000 3.00 0.15 -0.15 0.03 0.00 1.00 0.00
3 200.000 2.00 0.15 -0.15 0.03 0.00 0.00 0.00
3 202.000 2.00 0.15 -0.15 0.03 0.00 0.00 -1.00
3 204.000 2.00 0.15 -0.15 0.03 0.00 0.00 0.00
3 206.000 2.00 0.15 -0.15 0.03 0.00 -1.00 0.00
3 209.000 3.00 0.15 -0.15 0.03 0.00 0.00 0.00
3 212.000 3.00 0.15 -0.15 0.03 0.00 0.00 1.00
3 215.000 3.00 0.15 -0.15 0.03 0.00 0.00 0.00
3 218.000 3.00 0.15 -0.15 0.03 -1.00 0.00 0.00
3 220.000 2.00 0.15 -0.15 0.03 0.00 0.00 0.00
0 225.000 5.00 0.00 0.00 0.00 0.00 0.00 0.00
3 228.000 3.00 0.15 0.15 0.03 0.00 0.00 0.00
3 231.000 3.00 0.15 0.15 0.03 0.00 0.00 0.00
3 234.000 3.00 0.15 0.15 0.03 0.00 0.00 1.00
3 236.000 2.00 0.15 0.15 0.03 0.00 0.00 0.00
3 238.000 2.00 0.15 0.15 0.03 -1.00 0.00 0.00
3 240.000 2.00 0.15 0.15 0.03 0.00 0.00 0.00
3 242.000 2.00 0.15 0.15 0.03 1.00 0.00 0.00
3 245.000 3.00 0.15 0.15 0.03 0.00 0.00 0.00
3 248.000 3.00 0.15 0.15 0.03 0.00 -1.00 0.00
3 250.000 2.00 0.15 0.15 0.03 0.00 0.00 0.00
3 252.000 2.00 0.15 0.15 0.03 0.00 0.00 -1.00
3 254.000 2.00 0.15 0.15 0.03 0.00 0.00 0.00
3 256.000 2.00 0.15 0.15 0.03 0.00 1.00 0.00
3 258.000 2.00 0.15 0.15 0.03 0.00 0.00 0.00
3 261.000 3.00 -0.15 -0.15 0.08 0.00 0.00 0.00
3 263.000 2.00 -0.15 -0.15 0.08 0.00 0.00 0.00
3 265.000 2.00 -0.15 -0.15 0.08 0.00 -1.00 0.00
3 268.000 3.00 -0.15 -0.15 0.08 0.00 0.00 0.00
3 271.000 3.00 -0.15 -0.15 0.08 0.00 1.00 0.00
3 274.000 3.00 -0.15 -0.15 0.08 0.00 0.00 0.00
3 277.000 3.00 -0.15 -0.15 0.08 1.00 0.00 0.00
3 279.000 2.00 -0.15 -0.15 0.08 0.00 0.00 0.00
3 281.000 2.00 -0.15 -0.15 0.08 0.00 0.00 -1.00
3 284.000 3.00 -0.15 -0.15 0.08 0.00 0.00 0.00
3 287.000 3.00 -0.15 -0.15 0.08 0.00 0.00 1.00
3 289.000 2.00 -0.15 -0.15 0.08 0.00 0.00 0.00
3 291.000 2.00 -0.15 -0.15 0.08 -1.00 0.00 0.00
3 293.000 2.00 -0.15 -0.15 0.08 0.00 0.00 0.00
0 298.000 5.00 0.00 0.00 0.00 0.00 0.00 0.00
3 301.000 3.00 0.00 0.15 0.08 0.00 0.00 0.00
3 304.000 3.00 0.00 0.15 0.08 0.00 0.00 0.00
3 307.000 3.00 0.00 0.15 0.08 0.00 0.00 1.00
3 310.000 3.00 0.00 0.15 0.08 0.00 0.00 0.00
3 313.000 3.00 0.00 0.15 0.08 0.00 1.00 0.00
3 315.000 2.00 0.00 0.15 0.08 0.00 0.00 0.00
3 317.000 2.00 0.00 0.15 0.08 0.00 -1.00 0.00
3 320.000 3.00 0.00 0.15 0.08 0.00 0.00 0.00
3 323.000 3.00 0.00 0.15 0.08 -1.00 0.00 0.00
3 326.000 3.00 0.00 0.15 0.08 0.00 0.00 0.00
3 329.000 3.00 0.00 0.15 0.08 0.00 0.00 -1.00
3 331.000 2.00 0.00 0.15 0.08 0.00 0.00 0.00
3 333.000 2.00 0.00 0.15 0.08 1.00 0.00 0.00
3 335.000 2.00 0.00 0.15 0.08 0.00 0.00 0.00
3 338.000 3.00 0.00 -0.15 0.03 0.00 0.00 0.00
3 341.000 3.00 0.00 -0.15 0.03 0.00 0.00 0.00
3 344.000 3.00 0.00 -0.15 0.03 0.00 -1.00 0.00
3 347.000 3.00 0.00 -0.15 0.03 0.00 0.00 0.00
3 350.000 3.00 0.00 -0.15 0.03 1.00 0.00 0.00
3 352.000 2.00 0.00 -0.15 0.03 0.00 0.00 0.00
3 354.000 2.00 0.00 -0.15 0.03 0.00 0.00 -1.00
3 356.000 2.00 0.00 -0.15 0.03 0.00 0.00 0.00
3 358.000 2.00 0.00 -0.15 0.03 -1.00 0.00 0.00
3 361.000 3.00 0.00 -0.15 0.03 0.00 0.00 0.00
3 364.000 3.00 0.00 -0.15 0.03 0.00 0.00 1.00
3 367.000 3.00 0.00 -0.15 0.03 0.00 0.00 0.00
3 370.000 3.00 0.00 -0.15 0.03 0.00 1.00 0.00
3 372.000 2.00 0.00 -0.15 0.03 0.00 0.00 0.00
3 375.000 3.00 0.00 -0.15 0.08 0.00 0.00 0.00
3 377.000 2.00 0.00 -0.15 0.08 0.00 0.00 0.00
3 379.000 2.00 0.00 -0.15 0.08 1.00 0.00 0.00
3 381.000 2.00 0.00 -0.15 0.08 0.00 0.00 0.00
3 383.000 2.00 0.00 -0.15 0.08 0.00 0.00 1.00
3 385.000 2.00 0.00 -0.15 0.08 0.00 0.00 0.00
3 387.000 2.00 0.00 -0.15 0.08 0.00 0.00 -1.00
3 390.000 3.00 0.00 -0.15 0.08 0.00 0.00 0.00
3 393.000 3.00 0.00 -0.15 0.08 0.00 -1.00 0.00
3 395.000 2.00 0.00 -0.15 0.08 0.00 0.00 0.00
3 397.000 2.00 0.00 -0.15 0.08 0.00 1.00 0.00
3 399.000 2.00 0.00 -0.15 0.08 0.00 0.00 0.00
3 401.000 2.00 0.00 -0.15 0.08 -1.00 0.00 0.00
3 403.000 2.00 0.00 -0.15 0.08 0.00 0.00 0.00
3 406.000 3.00 -0.15 0.15 0.08 0.00 0.00 0.00
3 408.000 2.00 -0.15 0.15 0.08 0.00 0.00 0.00
3 410.000 2.00 -0.15 0.15 0.08 1.00 0.00 0.00
3 412.000 2.00 -0.15 0.15 0.08 0.00 0.00 0.00
3 414.000 2.00 -0.15 0.15 0.08 0.00 0.00 1.00
3 416.000 2.00 -0.15 0.15 0.08 0.00 0.00 0.00
3 418.000 2.00 -0.15 0.15 0.08 0.00 -1.00 0.00
3 420.000 2.00 -0.15 0.15 0.08 0.00 0.00 0.00
3 422.000 2.00 -0.15 0.15 0.08 0.00 0.00 -1.00
3 425.000 3.00 -0.15 0.15 0.08 0.00 0.00 0.00
3 428.000 3.00 -0.15 0.15 0.08 -1.00 0.00 0.00
3 431.000 3.00 -0.15 0.15 0.08 0.00 0.00 0.00
3 434.000 3.00 -0.15 0.15 0.08 0.00 1.00 0.00
3 436.000 2.00 -0.15 0.15 0.08 0.00 0.00 0.00
0 440.000 4.00 0.00 0.00 0.00 0.00 0.00 0.00
