0 8.000 8.00 0.00 0.00 0.00 0.00 0.00 0.00
3 11.000 3.00 0.00 0.15 0.08 0.00 0.00 0.00
3 14.000 3.00 0.00 0.15 0.08 0.00 0.00 0.00
3 17.000 3.00 0.00 0.15 0.08 1.00 0.00 0.00
3 19.000 2.00 0.00 0.15 0.08 0.00 0.00 0.00
3 21.000 2.00 0.00 0.15 0.08 0.00 -1.00 0.00
3 24.000 3.00 0.00 0.15 0.08 0.00 0.00 0.00
3 27.000 3.00 0.00 0.15 0.08 0.00 0.00 1.00
3 29.000 2.00 0.00 0.15 0.08 0.00 0.00 0.00
3 31.000 2.00 0.00 0.15 0.08 -1.00 0.00 0.00
3 33.000 2.00 0.00 0.15 0.08 0.00 0.00 0.00
3 35.000 2.00 0.00 0.15 0.08 0.00 0.00 -1.00
3 37.000 2.00 0.00 0.15 0.08 0.00 0.00 0.00
3 39.000 2.00 0.00 0.15 0.08 0.00 1.00 0.00
3 42.000 3.00 0.00 0.15 0.08 0.00 0.00 0.00
3 45.000 3.00 0.15 -0.15 0.03 0.00 0.00 0.00
3 48.000 3.00 0.15 -0.15 0.03 0.00 0.00 0.00
3 51.000 3.00 0.15 -0.15 0.03 1.00 0.00 0.00
3 54.000 3.00 0.15 -0.15 0.03 0.00 0.00 0.00
3 57.000 3.00 0.15 -0.15 0.03 0.00 1.00 0.00
3 59.000 2.00 0.15 -0.15 0.03 0.00 0.00 0.00
3 61.000 2.00 0.15 -0.15 0.03 0.00 0.00 -1.00
3 63.000 2.00 0.15 -0.15 0.03 0.00 0.00 0.00
3 65.000 2.00 0.15 -0.15 0.03 -1.00 0.00 0.00
3 67.000 2.00 0.15 -0.15 0.03 0.00 0.00 0.00
3 69.000 2.00 0.15 -0.15 0.03 0.00 -1.00 0.00
3 71.000 2.00 0.15 -0.15 0.03 0.00 0.00 0.00
3 73.000 2.00 0.15 -0.15 0.03 0.00 0.00 1.00
3 75.000 2.00 0.15 -0.15 0.03 0.00 0.00 0.00
0 80.000 5.00 0.00 0.00 0.00 0.00 0.00 0.00
3 83.000 3.00 -0.15 0.15 0.03 0.00 0.00 0.00
3 86.000 3.00 -0.15 0.15 0.03 0.00 0.00 0.00
3 89.000 3.00 -0.15 0.15 0.03 1.00 0.00 0.00
3 91.000 2.00 -0.15 0.15 0.03 0.00 0.00 0.00
3 93.000 2.00 -0.15 0.15 0.03 -1.00 0.00 0.00
3 96.000 3.00 -0.15 0.15 0.03 0.00 0.00 0.00
3 99.000 3.00 -0.15 0.15 0.03 0.00 1.00 0.00
3 101.000 2.00 -0.15 0.15 0.03 0.00 0.00 0.00
3 103.000 2.00 -0.15 0.15 0.03 0.00 0.00 -1.00
3 105.000 2.00 -0.15 0.15 0.03 0.00 0.00 0.00
3 107.000 2.00 -0.15 0.15 0.03 0.00 0.00 1.00
3 109.000 2.00 -0.15 0.15 0.03 0.00 0.00 0.00
3 111.000 2.00 -0.15 0.15 0.03 0.00 -1.00 0.00
3 114.000 3.00 -0.15 0.15 0.03 0.00 0.00 0.00
0 119.000 5.00 0.00 0.00 0.00 0.00 0.00 0.00
3 122.000 3.00 0.00 -0.15 0.03 0.00 0.00 0.00
3 125.000 3.00 0.00 -0.15 0.03 0.00 0.00 0.00
3 128.000 3.00 0.00 -0.15 0.03 0.00 -1.00 0.00
3 130.000 2.00 0.00 -0.15 0.03 0.00 0.00 0.00
3 132.000 2.00 0.00 -0.15 0.03 1.00 0.00 0.00
3 134.000 2.00 0.00 -0.15 0.03 0.00 0.00 0.00
3 136.000 2.00 0.00 -0.15 0.03 0.00 0.00 -1.00
3 138.000 2.00 0.00 -0.15 0.03 0.00 0.00 0.00
3 140.000 2.00 0.00 -0.15 0.03 -1.00 0.00 0.00
3 142.000 2.00 0.00 -0.15 0.03 0.00 0.00 0.00
3 144.000 2.00 0.00 -0.15 0.03 0.00 0.00 1.00
3 147.000 3.00 0.00 -0.15 0.03 0.00 0.00 0.00
3 150.000 3.00 0.00 -0.15 0.03 0.00 1.00 0.00
3 152.000 2.00 0.00 -0.15 0.03 0.00 0.00 0.00
3 155.000 3.00 -0.15 -0.15 0.08 0.00 0.00 0.00
3 158.000 3.00 -0.15 -0.15 0.08 0.00 0.00 0.00
3 161.000 3.00 -0.15 -0.15 0.08 0.00 -1.00 0.00
3 164.000 3.00 -0.15 -0.15 0.08 0.00 0.00 0.00
3 167.000 3.00 -0.15 -0.15 0.08 0.00 0.00 1.00
3 170.000 3.00 -0.15 -0.15 0.08 0.00 0.00 0.00
3 173.000 3.00 -0.15 -0.15 0.08 0.00 0.00 -1.00
3 175.000 2.00 -0.15 -0.15 0.08 0.00 0.00 0.00
3 177.000 2.00 -0.15 -0.15 0.08 -1.00 0.00 0.00
3 180.000 3.00 -0.15 -0.15 0.08 0.00 0.00 0.00
3 183.000 3.00 -0.15 -0.15 0.08 1.00 0.00 0.00
3 185.000 2.00 -0.15 -0.15 0.08 0.00 0.00 0.00
3 187.000 2.00 -0.15 -0.15 0.08 0.00 1.00 0.00
3 190.000 3.00 -0.15 -0.15 0.08 0.00 0.00 0.00
3 193.000 3.00 0.00 0.15 0.03 0.00 0.00 0.00
3 195.000 2.00 0.00 0.15 0.03 0.00 0.00 0.00
3 197.000 2.00 0.00 0.15 0.03 0.00 -1.00 0.00
3 200.000 3.00 0.00 0.15 0.03 0.00 0.00 0.00
3 203.000 3.00 0.00 0.15 0.03 -1.00 0.00 0.00
3 205.000 2.00 0.00 0.15 0.03 0.00 0.00 0.00
3 207.000 2.00 0.00 0.15 0.03 0.00 0.00 -1.00
3 209.000 2.00 0.00 0.15 0.03 0.00 0.00 0.00
3 211.000 2.00 0.00 0.15 0.03 1.00 0.00 0.00
3 213.000 2.00 0.00 0.15 0.03 0.00 0.00 0.00
3 215.000 2.00 0.00 0.15 0.03 0.00 0.00 1.00
3 217.000 2.00 0.00 0.15 0.03 0.00 0.00 0.00
3 219.000 2.00 0.00 0.15 0.03 0.00 1.00 0.00
3 222.000 3.00 0.00 0.15 0.03 0.00 0.00 0.00
3 225.000 3.00 0.15 0.15 0.08 0.00 0.00 0.00
3 227.000 2.00 0.15 0.15 0.08 0.00 0.00 0.00
3 229.000 2.00 0.15 0.15 0.08 0.00 -1.00 0.00
3 232.000 3.00 0.15 0.15 0.08 0.00 0.00 0.00
3 235.000 3.00 0.15 0.15 0.08 0.00 1.00 0.00
3 237.000 2.00 0.15 0.15 0.08 0.00 0.00 0.00
3 239.000 2.00 0.15 0.15 0.08 1.00 0.00 0.00
3 242.000 3.00 0.15 0.15 0.08 0.00 0.00 0.00
3 245.000 3.00 0.15 0.15 0.08 0.00 0.00 -1.00
3 248.000 3.00 0.15 0.15 0.08 0.00 0.00 0.00
3 251.000 3.00 0.15 0.15 0.08 0.00 0.00 1.00
3 254.000 3.00 0.15 0.15 0.08 0.00 0.00 0.00
3 257.000 3.00 0.15 0.15 0.08 -1.00 0.00 0.00
3 259.000 2.00 0.15 0.15 0.08 0.00 0.00 0.00
3 262.000 3.00 0.00 -0.15 0.08 0.00 0.00 0.00
3 265.000 3.00 0.00 -0.15 0.08 0.00 0.00 0.00
3 268.000 3.00 0.00 -0.15 0.08 0.00 0.00 1.00
3 271.000 3.00 0.00 -0.15 0.08 0.00 0.00 0.00
3 274.000 3.00 0.00 -0.15 0.08 0.00 -1.00 0.00
3 276.000 2.00 0.00 -0.15 0.08 0.00 0.00 0.00
3 278.000 2.00 0.00 -0.15 0.08 1.00 0.00 0.00
3 280.000 2.00 0.00 -0.15 0.08 0.00 0.00 0.00
3 282.000 2.00 0.00 -0.15 0.08 0.00 1.00 0.00
3 285.000 3.00 0.00 -0.15 0.08 0.00 0.00 0.00
3 288.000 3.00 0.00 -0.15 0.08 -1.00 0.00 0.00
3 290.000 2.00 0.00 -0.15 0.08 0.00 0.00 0.00
3 292.000 2.00 0.00 -0.15 0.08 0.00 0.00 -1.00
3 294.000 2.00 0.00 -0.15 0.08 0.00 0.00 0.00
3 297.000 3.00 0.15 -0.15 0.08 0.00 0.00 0.00
3 299.000 2.00 0.15 -0.15 0.08 0.00 0.00 0.00
3 301.000 2.00 0.15 -0.15 0.08 -1.00 0.00 0.00
3 304.000 3.00 0.15 -0.15 0.08 0.00 0.00 0.00
3 307.000 3.00 0.15 -0.15 0.08 0.00 1.00 0.00
3 310.000 3.00 0.15 -0.15 0.08 0.00 0.00 0.00
3 313.000 3.00 0.15 -0.15 0.08 0.00 0.00 -1.00
3 315.000 2.00 0.15 -0.15 0.08 0.00 0.00 0.00
3 317.000 2.00 0.15 -0.15 0.08 1.00 0.00 0.00
3 320.000 3.00 0.15 -0.15 0.08 0.00 0.00 0.00
3 323.000 3.00 0.15 -0.15 0.08 0.00 -1.00 0.00
3 325.000 2.00 0.15 -0.15 0.08 0.00 0.00 0.00
3 327.000 2.00 0.15 -0.15 0.08 0.00 0.00 1.00
3 329.000 2.00 0.15 -0.15 0.08 0.00 0.00 0.00
3 332.000 3.00 -0.15 0.15 0.08 0.00 0.00 0.00
3 334.000 2.00 -0.15 0.15 0.08 0.00 0.00 0.00
3 336.000 2.00 -0.15 0.15 0.08 0.00 0.00 1.00
3 339.000 3.00 -0.15 0.15 0.08 0.00 0.00 0.00
3 342.000 3.00 -0.15 0.15 0.08 1.00 0.00 0.00
3 345.000 3.00 -0.15 0.15 0.08 0.00 0.00 0.00
3 348.000 3.00 -0.15 0.15 0.08 0.00 1.00 0.00
3 351.000 3.00 -0.15 0.15 0.08 0.00 0.00 0.00
3 354.000 3.00 -0.15 0.15 0.08 0.00 -1.00 0.00
3 356.000 2.00 -0.15 0.15 0.08 0.00 0.00 0.00
3 358.000 2.00 -0.15 0.15 0.08 -1.00 0.00 0.00
3 360.000 2.00 -0.15 0.15 0.08 0.00 0.00 0.00
3 362.000 2.00 -0.15 0.15 0.08 0.00 0.00 -1.00
3 364.000 2.00 -0.15 0.15 0.08 0.00 0.00 0.00
3 367.000 3.00 -0.15 -0.15 0.03 0.00 0.00 0.00
3 370.000 3.00 -0.15 -0.15 0.03 0.00 0.00 0.00
3 373.000 3.00 -0.15 -0.15 0.03 0.00 0.00 1.00
3 375.000 2.00 -0.15 -0.15 0.03 0.00 0.00 0.00
3 377.000 2.00 -0.15 -0.15 0.03 0.00 -1.00 0.00
3 379.000 2.00 -0.15 -0.15 0.03 0.00 0.00 0.00
3 381.000 2.00 -0.15 -0.15 0.03 0.00 1.00 0.00
3 384.000 3.00 -0.15 -0.15 0.03 0.00 0.00 0.00
3 387.000 3.00 -0.15 -0.15 0.03 1.00 0.00 0.00
3 390.000 3.00 -0.15 -0.15 0.03 0.00 0.00 0.00
3 393.000 3.00 -0.15 -0.15 0.03 -1.00 0.00 0.00
3 396.000 3.00 -0.15 -0.15 0.03 0.00 0.00 0.00
3 399.000 3.00 -0.15 -0.15 0.03 0.00 0.00 -1.00
3 402.000 3.00 -0.15 -0.15 0.03 0.00 0.00 0.00
3 405.000 3.00 0.15 0.15 0.03 0.00 0.00 0.00
3 408.000 3.00 0.15 0.15 0.03 0.00 0.00 0.00
3 411.000 3.00 0.15 0.15 0.03 -1.00 0.00 0.00
3 414.000 3.00 0.15 0.15 0.03 0.00 0.00 0.00
3 417.000 3.00 0.15 0.15 0.03 0.00 0.00 1.00
3 419.000 2.00 0.15 0.15 0.03 0.00 0.00 0.00
3 421.000 2.00 0.15 0.15 0.03 0.00 0.00 -1.00
3 423.000 2.00 0.15 0.15 0.03 0.00 0.00 0.00
3 425.000 2.00 0.15 0.15 0.03 1.00 0.00 0.00
3 428.000 3.00 0.15 0.15 0.03 0.00 0.00 0.00
3 431.000 3.00 0.15 0.15 0.03 0.00 1.00 0.00
3 433.000 2.00 0.15 0.15 0.03 0.00 0.00 0.00
3 435.000 2.00 0.15 0.15 0.03 0.00 -1.00 0.00
3 437.000 2.00 0.15 0.15 0.03 0.00 0.00 0.00
0 440.000 3.00 0.00 0.00 0.00 0.00 0.00 0.00
