0 8.000 8.00 0.00 0.00 0.00 0.00 0.00 0.00
3 11.000 3.00 -0.15 0.15 0.03 0.00 0.00 0.00
3 14.000 3.00 -0.15 0.15 0.03 0.00 0.00 0.00
3 17.000 3.00 -0.15 0.15 0.03 0.00 1.00 0.00
3 19.000 2.00 -0.15 0.15 0.03 0.00 0.00 0.00
3 21.000 2.00 -0.15 0.15 0.03 0.00 0.00 -1.00
3 23.000 2.00 -0.15 0.15 0.03 0.00 0.00 0.00
3 25.000 2.00 -0.15 0.15 0.03 -1.00 0.00 0.00
3 27.000 2.00 -0.15 0.15 0.03 0.00 0.00 0.00
3 29.000 2.00 -0.15 0.15 0.03 0.00 -1.00 0.00
3 32.000 3.00 -0.15 0.15 0.03 0.00 0.00 0.00
3 35.000 3.00 -0.15 0.15 0.03 1.00 0.00 0.00
3 38.000 3.00 -0.15 0.15 0.03 0.00 0.00 0.00
3 41.000 3.00 -0.15 0.15 0.03 0.00 0.00 1.00
3 43.000 2.00 -0.15 0.15 0.03 0.00 0.00 0.00
3 46.000 3.00 0.15 -0.15 0.08 0.00 0.00 0.00
3 49.000 3.00 0.15 -0.15 0.08 0.00 0.00 0.00
3 52.000 3.00 0.15 -0.15 0.08 -1.00 0.00 0.00
3 54.000 2.00 0.15 -0.15 0.08 0.00 0.00 0.00
3 56.000 2.00 0.15 -0.15 0.08 0.00 0.00 1.00
3 58.000 2.00 0.15 -0.15 0.08 0.00 0.00 0.00
3 60.000 2.00 0.15 -0.15 0.08 1.00 0.00 0.00
3 62.000 2.00 0.15 -0.15 0.08 0.00 0.00 0.00
3 64.000 2.00 0.15 -0.15 0.08 0.00 0.00 -1.00
3 67.000 3.00 0.15 -0.15 0.08 0.00 0.00 0.00
3 70.000 3.00 0.15 -0.15 0.08 0.00 1.00 0.00
3 73.000 3.00 0.15 -0.15 0.08 0.00 0.00 0.00
3 76.000 3.00 0.15 -0.15 0.08 0.00 -1.00 0.00
3 79.000 3.00 0.15 -0.15 0.08 0.00 0.00 0.00
3 82.000 3.00 0.00 0.15 0.08 0.00 0.00 0.00
3 84.000 2.00 0.00 0.15 0.08 0.00 0.00 0.00
3 86.000 2.00 0.00 0.15 0.08 0.00 0.00 1.00
3 88.000 2.00 0.00 0.15 0.08 0.00 0.00 0.00
3 90.000 2.00 0.00 0.15 0.08 0.00 1.00 0.00
3 93.000 3.00 0.00 0.15 0.08 0.00 0.00 0.00
3 96.000 3.00 0.00 0.15 0.08 1.00 0.00 0.00
3 98.000 2.00 0.00 0.15 0.08 0.00 0.00 0.00
3 100.000 2.00 0.00 0.15 0.08 -1.00 0.00 0.00
3 103.000 3.00 0.00 0.15 0.08 0.00 0.00 0.00
3 106.000 3.00 0.00 0.15 0.08 0.00 0.00 -1.00
3 108.000 2.00 0.00 0.15 0.08 0.00 0.00 0.00
3 110.000 2.00 0.00 0.15 0.08 0.00 -1.00 0.00
3 113.000 3.00 0.00 0.15 0.08 0.00 0.00 0.00
0 118.000 5.00 0.00 0.00 0.00 0.00 0.00 0.00
3 121.000 3.00 -0.15 -0.15 0.03 0.00 0.00 0.00
3 123.000 2.00 -0.15 -0.15 0.03 0.00 0.00 0.00
3 125.000 2.00 -0.15 -0.15 0.03 0.00 0.00 1.00
3 128.000 3.00 -0.15 -0.15 0.03 0.00 0.00 0.00
3 131.000 3.00 -0.15 -0.15 0.03 -1.00 0.00 0.00
3 134.000 3.00 -0.15 -0.15 0.03 0.00 0.00 0.00
3 137.000 3.00 -0.15 -0.15 0.03 0.00 1.00 0.00
3 139.000 2.00 -0.15 -0.15 0.03 0.00 0.00 0.00
3 141.000 2.00 -0.15 -0.15 0.03 0.00 0.00 -1.00
3 143.000 2.00 -0.15 -0.15 0.03 0.00 0.00 0.00
3 145.000 2.00 -0.15 -0.15 0.03 0.00 -1.00 0.00
3 147.000 2.00 -0.15 -0.15 0.03 0.00 0.00 0.00
3 149.000 2.00 -0.15 -0.15 0.03 1.00 0.00 0.00
3 151.000 2.00 -0.15 -0.15 0.03 0.00 0.00 0.00
0 156.000 5.00 0.00 0.00 0.00 0.00 0.00 0.00
3 159.000 3.00 0.00 0.15 0.03 0.00 0.00 0.00
3 162.000 3.00 0.00 0.15 0.03 0.00 0.00 0.00
3 165.000 3.00 0.00 0.15 0.03 0.00 -1.00 0.00
3 167.000 2.00 0.00 0.15 0.03 0.00 0.00 0.00
3 169.000 2.00 0.00 0.15 0.03 -1.00 0.00 0.00
3 171.000 2.00 0.00 0.15 0.03 0.00 0.00 0.00
3 173.000 2.00 0.00 0.15 0.03 0.00 0.00 1.00
3 175.000 2.00 0.00 0.15 0.03 0.00 0.00 0.00
3 177.000 2.00 0.00 0.15 0.03 1.00 0.00 0.00
3 180.000 3.00 0.00 0.15 0.03 0.00 0.00 0.00
3 183.000 3.00 0.00 0.15 0.03 0.00 1.00 0.00
3 185.000 2.00 0.00 0.15 0.03 0.00 0.00 0.00
3 187.000 2.00 0.00 0.15 0.03 0.00 0.00 -1.00
3 189.000 2.00 0.00 0.15 0.03 0.00 0.00 0.00
3 192.000 3.00 0.00 -0.15 0.08 0.00 0.00 0.00
3 194.000 2.00 0.00 -0.15 0.08 0.00 0.00 0.00
3 196.000 2.00 0.00 -0.15 0.08 0.00 1.00 0.00
3 198.000 2.00 0.00 -0.15 0.08 0.00 0.00 0.00
3 200.000 2.00 0.00 -0.15 0.08 -1.00 0.00 0.00
3 203.000 3.00 0.00 -0.15 0.08 0.00 0.00 0.00
3 206.000 3.00 0.00 -0.15 0.08 0.00 0.00 1.00
3 209.000 3.00 0.00 -0.15 0.08 0.00 0.00 0.00
3 212.000 3.00 0.00 -0.15 0.08 0.00 0.00 -1.00
3 214.000 2.00 0.00 -0.15 0.08 0.00 0.00 0.00
3 216.000 2.00 0.00 -0.15 0.08 0.00 -1.00 0.00
3 219.000 3.00 0.00 -0.15 0.08 0.00 0.00 0.00
3 222.000 3.00 0.00 -0.15 0.08 1.00 0.00 0.00
3 224.000 2.00 0.00 -0.15 0.08 0.00 0.00 0.00
3 227.000 3.00 0.15 0.15 0.08 0.00 0.00 0.00
3 230.000 3.00 0.15 0.15 0.08 0.00 0.00 0.00
3 233.000 3.00 0.15 0.15 0.08 0.00 0.00 1.00
3 236.000 3.00 0.15 0.15 0.08 0.00 0.00 0.00
3 239.000 3.00 0.15 0.15 0.08 1.00 0.00 0.00
3 241.000 2.00 0.15 0.15 0.08 0.00 0.00 0.00
3 243.000 2.00 0.15 0.15 0.08 0.00 1.00 0.00
3 245.000 2.00 0.15 0.15 0.08 0.00 0.00 0.00
3 247.000 2.00 0.15 0.15 0.08 -1.00 0.00 0.00
3 249.000 2.00 0.15 0.15 0.08 0.00 0.00 0.00
3 251.000 2.00 0.15 0.15 0.08 0.00 -1.00 0.00
3 253.000 2.00 0.15 0.15 0.08 0.00 0.00 0.00
3 255.000 2.00 0.15 0.15 0.08 0.00 0.00 -1.00
3 257.000 2.00 0.15 0.15 0.08 0.00 0.00 0.00
3 260.000 3.00 0.15 -0.15 0.03 0.00 0.00 0.00
3 263.000 3.00 0.15 -0.15 0.03 0.00 0.00 0.00
3 266.000 3.00 0.15 -0.15 0.03 0.00 -1.00 0.00
3 269.000 3.00 0.15 -0.15 0.03 0.00 0.00 0.00
3 272.000 3.00 0.15 -0.15 0.03 0.00 0.00 1.00
3 274.000 2.00 0.15 -0.15 0.03 0.00 0.00 0.00
3 276.000 2.00 0.15 -0.15 0.03 -1.00 0.00 0.00
3 279.000 3.00 0.15 -0.15 0.03 0.00 0.00 0.00
3 282.000 3.00 0.15 -0.15 0.03 0.00 0.00 -1.00
3 285.000 3.00 0.15 -0.15 0.03 0.00 0.00 0.00
3 288.000 3.00 0.15 -0.15 0.03 1.00 0.00 0.00
3 290.000 2.00 0.15 -0.15 0.03 0.00 0.00 0.00
3 292.000 2.00 0.15 -0.15 0.03 0.00 1.00 0.00
3 294.000 2.00 0.15 -0.15 0.03 0.00 0.00 0.00
3 297.000 3.00 0.00 -0.15 0.03 0.00 0.00 0.00
3 300.000 3.00 0.00 -0.15 0.03 0.00 0.00 0.00
3 303.000 3.00 0.00 -0.15 0.03 0.00 0.00 1.00
3 306.000 3.00 0.00 -0.15 0.03 0.00 0.00 0.00
3 309.000 3.00 0.00 -0.15 0.03 1.00 0.00 0.00
3 311.000 2.00 0.00 -0.15 0.03 0.00 0.00 0.00
3 313.000 2.00 0.00 -0.15 0.03 0.00 0.00 -1.00
3 316.000 3.00 0.00 -0.15 0.03 0.00 0.00 0.00
3 319.000 3.00 0.00 -0.15 0.03 -1.00 0.00 0.00
3 321.000 2.00 0.00 -0.15 0.03 0.00 0.00 0.00
3 323.000 2.00 0.00 -0.15 0.03 0.00 -1.00 0.00
3 325.000 2.00 0.00 -0.15 0.03 0.00 0.00 0.00
3 327.000 2.00 0.00 -0.15 0.03 0.00 1.00 0.00
3 330.000 3.00 0.00 -0.15 0.03 0.00 0.00 0.00
3 333.000 3.00 -0.15 0.15 0.08 0.00 0.00 0.00
3 335.000 2.00 -0.15 0.15 0.08 0.00 0.00 0.00
3 337.000 2.00 -0.15 0.15 0.08 -1.00 0.00 0.00
3 339.000 2.00 -0.15 0.15 0.08 0.00 0.00 0.00
3 341.000 2.00 -0.15 0.15 0.08 0.00 1.00 0.00
3 344.000 3.00 -0.15 0.15 0.08 0.00 0.00 0.00
3 347.000 3.00 -0.15 0.15 0.08 1.00 0.00 0.00
3 350.000 3.00 -0.15 0.15 0.08 0.00 0.00 0.00
3 353.000 3.00 -0.15 0.15 0.08 0.00 0.00 -1.00
3 355.000 2.00 -0.15 0.15 0.08 0.00 0.00 0.00
3 357.000 2.00 -0.15 0.15 0.08 0.00 -1.00 0.00
3 359.000 2.00 -0.15 0.15 0.08 0.00 0.00 0.00
3 361.000 2.00 -0.15 0.15 0.08 0.00 0.00 1.00
3 363.000 2.00 -0.15 0.15 0.08 0.00 0.00 0.00
3 366.000 3.00 -0.15 -0.15 0.08 0.00 0.00 0.00
3 368.000 2.00 -0.15 -0.15 0.08 0.00 0.00 0.00
3 370.000 2.00 -0.15 -0.15 0.08 1.00 0.00 0.00
3 372.000 2.00 -0.15 -0.15 0.08 0.00 0.00 0.00
3 374.000 2.00 -0.15 -0.15 0.08 -1.00 0.00 0.00
3 377.000 3.00 -0.15 -0.15 0.08 0.00 0.00 0.00
3 380.000 3.00 -0.15 -0.15 0.08 0.00 1.00 0.00
3 382.000 2.00 -0.15 -0.15 0.08 0.00 0.00 0.00
3 384.000 2.00 -0.15 -0.15 0.08 0.00 0.00 1.00
3 387.000 3.00 -0.15 -0.15 0.08 0.00 0.00 0.00
3 390.000 3.00 -0.15 -0.15 0.08 0.00 -1.00 0.00
3 393.000 3.00 -0.15 -0.15 0.08 0.00 0.00 0.00
3 396.000 3.00 -0.15 -0.15 0.08 0.00 0.00 -1.00
3 398.000 2.00 -0.15 -0.15 0.08 0.00 0.00 0.00
3 401.000 3.00 0.15 0.15 0.03 0.00 0.00 0.00
3 404.000 3.00 0.15 0.15 0.03 0.00 0.00 0.00
3 407.000 3.00 0.15 0.15 0.03 0.00 0.00 1.00
3 410.000 3.00 0.15 0.15 0.03 0.00 0.00 0.00
3 413.000 3.00 0.15 0.15 0.03 1.00 0.00 0.00
3 415.000 2.00 0.15 0.15 0.03 0.00 0.00 0.00
3 417.000 2.00 0.15 0.15 0.03 0.00 0.00 -1.00
3 420.000 3.00 0.15 0.15 0.03 0.00 0.00 0.00
3 423.000 3.00 0.15 0.15 0.03 0.00 -1.00 0.00
3 426.000 3.00 0.15 0.15 0.03 0.00 0.00 0.00
3 429.000 3.00 0.15 0.15 0.03 -1.00 0.00 0.00
3 432.000 3.00 0.15 0.15 0.03 0.00 0.00 0.00
3 435.000 3.00 0.15 0.15 0.03 0.00 1.00 0.00
3 437.000 2.00 0.15 0.15 0.03 0.00 0.00 0.00
0 440.000 3.00 0.00 0.00 0.00 0.00 0.00 0.00
