0 8.000 8.00 0.00 0.00 0.00 0.00 0.00 0.00
3 11.000 3.00 -0.15 0.15 0.08 0.00 0.00 0.00
3 13.000 2.00 -0.15 0.15 0.08 0.00 0.00 0.00
3 15.000 2.00 -0.15 0.15 0.08 0.00 1.00 0.00
3 17.000 2.00 -0.15 0.15 0.08 0.00 0.00 0.00
3 19.000 2.00 -0.15 0.15 0.08 1.00 0.00 0.00
3 21.000 2.00 -0.15 0.15 0.08 0.00 0.00 0.00
3 23.000 2.00 -0.15 0.15 0.08 0.00 0.00 -1.00
3 25.000 2.00 -0.15 0.15 0.08 0.00 0.00 0.00
3 27.000 2.00 -0.15 0.15 0.08 0.00 0.00 1.00
3 30.000 3.00 -0.15 0.15 0.08 0.00 0.00 0.00
3 33.000 3.00 -0.15 0.15 0.08 -1.00 0.00 0.00
3 35.000 2.00 -0.15 0.15 0.08 0.00 0.00 0.00
3 37.000 2.00 -0.15 0.15 0.08 0.00 -1.00 0.00
3 39.000 2.00 -0.15 0.15 0.08 0.00 0.00 0.00
3 42.000 3.00 0.00 -0.15 0.03 0.00 0.00 0.00
3 44.000 2.00 0.00 -0.15 0.03 0.00 0.00 0.00
3 46.000 2.00 0.00 -0.15 0.03 0.00 0.00 1.00
3 48.000 2.00 0.00 -0.15 0.03 0.00 0.00 0.00
3 50.000 2.00 0.00 -0.15 0.03 0.00 -1.00 0.00
3 53.000 3.00 0.00 -0.15 0.03 0.00 0.00 0.00
3 56.000 3.00 0.00 -0.15 0.03 0.00 0.00 -1.00
3 59.000 3.00 0.00 -0.15 0.03 0.00 0.00 0.00
3 62.000 3.00 0.00 -0.15 0.03 -1.00 0.00 0.00
3 64.000 2.00 0.00 -0.15 0.03 0.00 0.00 0.00
3 66.000 2.00 0.00 -0.15 0.03 1.00 0.00 0.00
3 69.000 3.00 0.00 -0.15 0.03 0.00 0.00 0.00
3 72.000 3.00 0.00 -0.15 0.03 0.00 1.00 0.00
3 75.000 3.00 0.00 -0.15 0.03 0.00 0.00 0.00
0 80.000 5.00 0.00 0.00 0.00 0.00 0.00 0.00
3 83.000 3.00 -0.15 0.15 0.03 0.00 0.00 0.00
3 85.000 2.00 -0.15 0.15 0.03 0.00 0.00 0.00
3 87.000 2.00 -0.15 0.15 0.03 -1.00 0.00 0.00
3 90.000 3.00 -0.15 0.15 0.03 0.00 0.00 0.00
3 93.000 3.00 -0.15 0.15 0.03 0.00 0.00 -1.00
3 95.000 2.00 -0.15 0.15 0.03 0.00 0.00 0.00
3 97.000 2.00 -0.15 0.15 0.03 0.00 -1.00 0.00
3 100.000 3.00 -0.15 0.15 0.03 0.00 0.00 0.00
3 103.000 3.00 -0.15 0.15 0.03 0.00 0.00 1.00
3 106.000 3.00 -0.15 0.15 0.03 0.00 0.00 0.00
3 109.000 3.00 -0.15 0.15 0.03 1.00 0.00 0.00
3 112.000 3.00 -0.15 0.15 0.03 0.00 0.00 0.00
3 115.000 3.00 -0.15 0.15 0.03 0.00 1.00 0.00
3 117.000 2.00 -0.15 0.15 0.03 0.00 0.00 0.00
3 120.000 3.00 0.15 -0.15 0.08 0.00 0.00 0.00
3 122.000 2.00 0.15 -0.15 0.08 0.00 0.00 0.00
3 124.000 2.00 0.15 -0.15 0.08 0.00 0.00 1.00
3 127.000 3.00 0.15 -0.15 0.08 0.00 0.00 0.00
3 130.000 3.00 0.15 -0.15 0.08 0.00 -1.00 0.00
3 132.000 2.00 0.15 -0.15 0.08 0.00 0.00 0.00
3 134.000 2.00 0.15 -0.15 0.08 -1.00 0.00 0.00
3 136.000 2.00 0.15 -0.15 0.08 0.00 0.00 0.00
3 138.000 2.00 0.15 -0.15 0.08 0.00 0.00 -1.00
3 141.000 3.00 0.15 -0.15 0.08 0.00 0.00 0.00
3 144.000 3.00 0.15 -0.15 0.08 0.00 1.00 0.00
3 147.000 3.00 0.15 -0.15 0.08 0.00 0.00 0.00
3 150.000 3.00 0.15 -0.15 0.08 1.00 0.00 0.00
3 152.000 2.00 0.15 -0.15 0.08 0.00 0.00 0.00
3 155.000 3.00 0.15 0.15 0.08 0.00 0.00 0.00
3 157.000 2.00 0.15 0.15 0.08 0.00 0.00 0.00
3 159.000 2.00 0.15 0.15 0.08 1.00 0.00 0.00
3 161.000 2.00 0.15 0.15 0.08 0.00 0.00 0.00
3 163.000 2.00 0.15 0.15 0.08 0.00 0.00 1.00
3 166.000 3.00 0.15 0.15 0.08 0.00 0.00 0.00
3 169.000 3.00 0.15 0.15 0.08 0.00 1.00 0.00
3 172.000 3.00 0.15 0.15 0.08 0.00 0.00 0.00
3 175.000 3.00 0.15 0.15 0.08 0.00 0.00 -1.00
3 177.000 2.00 0.15 0.15 0.08 0.00 0.00 0.00
3 179.000 2.00 0.15 0.15 0.08 -1.00 0.00 0.00
3 182.000 3.00 0.15 0.15 0.08 0.00 0.00 0.00
3 185.000 3.00 0.15 0.15 0.08 0.00 -1.00 0.00
3 187.000 2.00 0.15 0.15 0.08 0.00 0.00 0.00
3 190.000 3.00 -0.15 -0.15 0.08 0.00 0.00 0.00
3 192.000 2.00 -0.15 -0.15 0.08 0.00 0.00 0.00
3 194.000 2.00 -0.15 -0.15 0.08 1.00 0.00 0.00
3 196.000 2.00 -0.15 -0.15 0.08 0.00 0.00 0.00
3 198.000 2.00 -0.15 -0.15 0.08 0.00 1.00 0.00
3 200.000 2.00 -0.15 -0.15 0.08 0.00 0.00 0.00
3 202.000 2.00 -0.15 -0.15 0.08 0.00 0.00 -1.00
3 205.000 3.00 -0.15 -0.15 0.08 0.00 0.00 0.00
3 208.000 3.00 -0.15 -0.15 0.08 -1.00 0.00 0.00
3 210.000 2.00 -0.15 -0.15 0.08 0.00 0.00 0.00
3 212.000 2.00 -0.15 -0.15 0.08 0.00 -1.00 0.00
3 215.000 3.00 -0.15 -0.15 0.08 0.00 0.00 0.00
3 218.000 3.00 -0.15 -0.15 0.08 0.00 0.00 1.00
3 220.000 2.00 -0.15 -0.15 0.08 0.00 0.00 0.00
3 223.000 3.00 0.15 0.15 0.03 0.00 0.00 0.00
3 225.000 2.00 0.15 0.15 0.03 0.00 0.00 0.00
3 227.000 2.00 0.15 0.15 0.03 1.00 0.00 0.00
3 229.000 2.00 0.15 0.15 0.03 0.00 0.00 0.00
3 231.000 2.00 0.15 0.15 0.03 -1.00 0.00 0.00
3 234.000 3.00 0.15 0.15 0.03 0.00 0.00 0.00
3 237.000 3.00 0.15 0.15 0.03 0.00 0.00 1.00
3 239.000 2.00 0.15 0.15 0.03 0.00 0.00 0.00
3 241.000 2.00 0.15 0.15 0.03 0.00 1.00 0.00
3 244.000 3.00 0.15 0.15 0.03 0.00 0.00 0.00
3 247.000 3.00 0.15 0.15 0.03 0.00 0.00 -1.00
3 249.000 2.00 0.15 0.15 0.03 0.00 0.00 0.00
3 251.000 2.00 0.15 0.15 0.03 0.00 -1.00 0.00
3 253.000 2.00 0.15 0.15 0.03 0.00 0.00 0.00
3 256.000 3.00 0.15 -0.15 0.03 0.00 0.00 0.00
3 259.000 3.00 0.15 -0.15 0.03 0.00 0.00 0.00
3 262.000 3.00 0.15 -0.15 0.03 0.00 1.00 0.00
3 265.000 3.00 0.15 -0.15 0.03 0.00 0.00 0.00
3 268.000 3.00 0.15 -0.15 0.03 -1.00 0.00 0.00
3 270.000 2.00 0.15 -0.15 0.03 0.00 0.00 0.00
3 272.000 2.00 0.15 -0.15 0.03 0.00 0.00 -1.00
3 274.000 2.00 0.15 -0.15 0.03 0.00 0.00 0.00
3 276.000 2.00 0.15 -0.15 0.03 0.00 0.00 1.00
3 278.000 2.00 0.15 -0.15 0.03 0.00 0.00 0.00
3 280.000 2.00 0.15 -0.15 0.03 1.00 0.00 0.00
3 283.000 3.00 0.15 -0.15 0.03 0.00 0.00 0.00
3 286.000 3.00 0.15 -0.15 0.03 0.00 -1.00 0.00
3 289.000 3.00 0.15 -0.15 0.03 0.00 0.00 0.00
0 294.000 5.00 0.00 0.00 0.00 0.00 0.00 0.00
3 297.000 3.00 -0.15 -0.15 0.03 0.00 0.00 0.00
3 299.000 2.00 -0.15 -0.15 0.03 0.00 0.00 0.00
3 301.000 2.00 -0.15 -0.15 0.03 0.00 -1.00 0.00
3 304.000 3.00 -0.15 -0.15 0.03 0.00 0.00 0.00
3 307.000 3.00 -0.15 -0.15 0.03 0.00 0.00 -1.00
3 309.000 2.00 -0.15 -0.15 0.03 0.00 0.00 0.00
3 311.000 2.00 -0.15 -0.15 0.03 1.00 0.00 0.00
3 313.000 2.00 -0.15 -0.15 0.03 0.00 0.00 0.00
3 315.000 2.00 -0.15 -0.15 0.03 0.00 1.00 0.00
3 318.000 3.00 -0.15 -0.15 0.03 0.00 0.00 0.00
3 321.000 3.00 -0.15 -0.15 0.03 -1.00 0.00 0.00
3 324.000 3.00 -0.15 -0.15 0.03 0.00 0.00 0.00
3 327.000 3.00 -0.15 -0.15 0.03 0.00 0.00 1.00
3 329.000 2.00 -0.15 -0.15 0.03 0.00 0.00 0.00
3 332.000 3.00 0.00 0.15 0.08 0.00 0.00 0.00
3 335.000 3.00 0.00 0.15 0.08 0.00 0.00 0.00
3 338.000 3.00 0.00 0.15 0.08 1.00 0.00 0.00
3 340.000 2.00 0.00 0.15 0.08 0.00 0.00 0.00
3 342.000 2.00 0.00 0.15 0.08 0.00 0.00 -1.00
3 345.000 3.00 0.00 0.15 0.08 0.00 0.00 0.00
3 348.000 3.00 0.00 0.15 0.08 0.00 -1.00 0.00
3 351.000 3.00 0.00 0.15 0.08 0.00 0.00 0.00
3 354.000 3.00 0.00 0.15 0.08 -1.00 0.00 0.00
3 356.000 2.00 0.00 0.15 0.08 0.00 0.00 0.00
3 358.000 2.00 0.00 0.15 0.08 0.00 0.00 1.00
3 360.000 2.00 0.00 0.15 0.08 0.00 0.00 0.00
3 362.000 2.00 0.00 0.15 0.08 0.00 1.00 0.00
3 364.000 2.00 0.00 0.15 0.08 0.00 0.00 0.00
3 367.000 3.00 0.00 0.15 0.03 0.00 0.00 0.00
3 370.000 3.00 0.00 0.15 0.03 0.00 0.00 0.00
3 373.000 3.00 0.00 0.15 0.03 0.00 0.00 -1.00
3 376.000 3.00 0.00 0.15 0.03 0.00 0.00 0.00
3 379.000 3.00 0.00 0.15 0.03 -1.00 0.00 0.00
3 382.000 3.00 0.00 0.15 0.03 0.00 0.00 0.00
3 385.000 3.00 0.00 0.15 0.03 0.00 1.00 0.00
3 387.000 2.00 0.00 0.15 0.03 0.00 0.00 0.00
3 389.000 2.00 0.00 0.15 0.03 0.00 0.00 1.00
3 392.000 3.00 0.00 0.15 0.03 0.00 0.00 0.00
3 395.000 3.00 0.00 0.15 0.03 1.00 0.00 0.00
3 398.000 3.00 0.00 0.15 0.03 0.00 0.00 0.00
3 401.000 3.00 0.00 0.15 0.03 0.00 -1.00 0.00
3 404.000 3.00 0.00 0.15 0.03 0.00 0.00 0.00
3 407.000 3.00 0.00 -0.15 0.08 0.00 0.00 0.00
3 409.000 2.00 0.00 -0.15 0.08 0.00 0.00 0.00
3 411.000 2.00 0.00 -0.15 0.08 0.00 0.00 -1.00
3 414.000 3.00 0.00 -0.15 0.08 0.00 0.00 0.00
3 417.000 3.00 0.00 -0.15 0.08 0.00 0.00 1.00
3 419.000 2.00 0.00 -0.15 0.08 0.00 0.00 0.00
3 421.000 2.00 0.00 -0.15 0.08 0.00 -1.00 0.00
3 423.000 2.00 0.00 -0.15 0.08 0.00 0.00 0.00
3 425.000 2.00 0.00 -0.15 0.08 -1.00 0.00 0.00
3 427.000 2.00 0.00 -0.15 0.08 0.00 0.00 0.00
3 429.000 2.00 0.00 -0.15 0.08 0.00 1.00 0.00
3 431.000 2.00 0.00 -0.15 0.08 0.00 0.00 0.00
3 433.000 2.00 0.00 -0.15 0.08 1.00 0.00 0.00
3 436.000 3.00 0.00 -0.15 0.08 0.00 0.00 0.00
0 440.000 4.00 0.00 0.00 0.00 0.00 0.00 0.00
