0 8.000 8.000 0.000 0.000 0.000 0
1 10.000 2.000 0.000 0.000 0.000 0
2 12.000 2.000 0.116 0.000 0.019 1
3 14.000 2.000 0.116 0.000 0.019 1
1 16.000 2.000 0.000 0.000 0.000 0
2 17.000 1.000 -0.114 0.000 0.013 11
3 20.000 3.000 -0.114 0.000 0.013 11
1 22.000 2.000 0.000 0.000 0.000 0
2 24.000 2.000 -0.116 0.000 0.081 18
1 27.000 3.000 0.000 0.000 0.000 0
2 28.000 1.000 -0.000 -0.120 0.050 13
3 30.000 2.000 -0.000 -0.120 0.050 13
1 32.000 2.000 0.000 0.000 0.000 0
2 33.000 1.000 -0.082 -0.085 0.072 19
0 36.000 3.000 0.000 0.000 0.000 0
1 38.000 2.000 0.000 0.000 0.000 0
2 39.000 1.000 0.082 -0.085 0.028 20
1 41.000 2.000 0.000 0.000 0.000 0
2 42.000 1.000 0.082 -0.085 0.028 20
1 44.000 2.000 0.000 0.000 0.000 0
2 45.000 1.000 0.082 0.085 0.028 16
1 47.000 2.000 0.000 0.000 0.000 0
2 49.000 2.000 -0.116 0.000 0.081 4
3 52.000 3.000 -0.116 0.000 0.081 4
1 54.000 2.000 0.000 0.000 0.000 0
2 56.000 2.000 -0.081 -0.085 0.024 12
3 59.000 3.000 -0.081 -0.085 0.024 12
1 61.000 2.000 0.000 0.000 0.000 0
2 62.000 1.000 0.114 0.000 0.087 21
1 64.000 2.000 0.000 0.000 0.000 0
2 65.000 1.000 0.114 0.000 0.087 7
3 67.000 2.000 0.114 0.000 0.087 7
1 70.000 3.000 0.000 0.000 0.000 0
2 72.000 2.000 -0.000 -0.120 0.050 27
1 74.000 2.000 0.000 0.000 0.000 0
2 75.000 1.000 0.000 0.120 0.050 9
3 78.000 3.000 0.000 0.120 0.050 9
1 81.000 3.000 0.000 0.000 0.000 0
2 82.000 1.000 0.081 -0.085 0.076 28
1 84.000 2.000 0.000 0.000 0.000 0
2 85.000 1.000 0.000 0.120 0.050 23
1 87.000 2.000 0.000 0.000 0.000 0
2 88.000 1.000 0.081 0.085 0.076 8
3 90.000 2.000 0.081 0.085 0.076 8
1 92.000 2.000 0.000 0.000 0.000 0
2 93.000 1.000 -0.116 0.000 0.081 4
3 95.000 2.000 -0.116 0.000 0.081 4
1 97.000 2.000 0.000 0.000 0.000 0
2 98.000 1.000 0.000 0.120 0.050 23
1 101.000 3.000 0.000 0.000 0.000 0
2 103.000 2.000 0.081 -0.085 0.076 14
3 105.000 2.000 0.081 -0.085 0.076 14
1 107.000 2.000 0.000 0.000 0.000 0
2 108.000 1.000 0.000 0.120 0.050 9
3 110.000 2.000 0.000 0.120 0.050 9
1 112.000 2.000 0.000 0.000 0.000 0
2 113.000 1.000 -0.082 -0.085 0.072 5
3 115.000 2.000 -0.082 -0.085 0.072 5
1 117.000 2.000 0.000 0.000 0.000 0
2 118.000 1.000 0.114 0.000 0.087 7
3 121.000 3.000 0.114 0.000 0.087 7
1 123.000 2.000 0.000 0.000 0.000 0
2 124.000 1.000 -0.082 -0.085 0.072 19
1 127.000 3.000 0.000 0.000 0.000 0
2 128.000 1.000 -0.081 -0.085 0.024 26
1 131.000 3.000 0.000 0.000 0.000 0
2 133.000 2.000 0.081 0.085 0.076 8
3 136.000 3.000 0.081 0.085 0.076 8
1 138.000 2.000 0.000 0.000 0.000 0
2 140.000 2.000 -0.081 0.085 0.024 10
3 142.000 2.000 -0.081 0.085 0.024 10
1 144.000 2.000 0.000 0.000 0.000 0
2 145.000 1.000 -0.116 0.000 0.081 18
1 147.000 2.000 0.000 0.000 0.000 0
2 148.000 1.000 0.082 0.085 0.028 2
3 151.000 3.000 0.082 0.085 0.028 2
1 154.000 3.000 0.000 0.000 0.000 0
2 156.000 2.000 -0.082 -0.085 0.072 19
1 159.000 3.000 0.000 0.000 0.000 0
2 160.000 1.000 0.082 -0.085 0.028 6
3 162.000 2.000 0.082 -0.085 0.028 6
1 164.000 2.000 0.000 0.000 0.000 0
2 166.000 2.000 0.081 -0.085 0.076 14
3 169.000 3.000 0.081 -0.085 0.076 14
1 171.000 2.000 0.000 0.000 0.000 0
2 172.000 1.000 0.082 -0.085 0.028 6
3 175.000 3.000 0.082 -0.085 0.028 6
1 178.000 3.000 0.000 0.000 0.000 0
2 180.000 2.000 0.082 -0.085 0.028 20
1 182.000 2.000 0.000 0.000 0.000 0
2 184.000 2.000 0.081 0.085 0.076 22
1 186.000 2.000 0.000 0.000 0.000 0
2 187.000 1.000 -0.114 0.000 0.013 25
1 189.000 2.000 0.000 0.000 0.000 0
2 190.000 1.000 0.082 0.085 0.028 2
3 193.000 3.000 0.082 0.085 0.028 2
1 196.000 3.000 0.000 0.000 0.000 0
2 197.000 1.000 -0.000 -0.120 0.050 13
3 199.000 2.000 -0.000 -0.120 0.050 13
0 202.000 3.000 0.000 0.000 0.000 0
1 205.000 3.000 0.000 0.000 0.000 0
2 206.000 1.000 0.000 0.120 0.050 23
1 209.000 3.000 0.000 0.000 0.000 0
2 210.000 1.000 -0.000 -0.120 0.050 27
0 213.000 3.000 0.000 0.000 0.000 0
1 216.000 3.000 0.000 0.000 0.000 0
2 218.000 2.000 0.116 0.000 0.019 1
3 220.000 2.000 0.116 0.000 0.019 1
1 223.000 3.000 0.000 0.000 0.000 0
2 225.000 2.000 0.081 -0.085 0.076 28
1 227.000 2.000 0.000 0.000 0.000 0
2 228.000 1.000 -0.081 0.085 0.024 24
1 230.000 2.000 0.000 0.000 0.000 0
2 231.000 1.000 -0.082 0.085 0.072 17
1 233.000 2.000 0.000 0.000 0.000 0
2 235.000 2.000 -0.081 0.085 0.024 10
3 238.000 3.000 -0.081 0.085 0.024 10
1 240.000 2.000 0.000 0.000 0.000 0
2 242.000 2.000 0.081 0.085 0.076 22
1 245.000 3.000 0.000 0.000 0.000 0
2 246.000 1.000 -0.000 -0.120 0.050 27
1 248.000 2.000 0.000 0.000 0.000 0
2 250.000 2.000 -0.081 0.085 0.024 24
1 253.000 3.000 0.000 0.000 0.000 0
2 255.000 2.000 -0.114 0.000 0.013 11
3 257.000 2.000 -0.114 0.000 0.013 11
1 259.000 2.000 0.000 0.000 0.000 0
2 260.000 1.000 -0.081 -0.085 0.024 12
3 262.000 2.000 -0.081 -0.085 0.024 12
1 264.000 2.000 0.000 0.000 0.000 0
2 265.000 1.000 -0.082 0.085 0.072 3
3 268.000 3.000 -0.082 0.085 0.072 3
1 271.000 3.000 0.000 0.000 0.000 0
2 273.000 2.000 -0.081 -0.085 0.024 26
1 276.000 3.000 0.000 0.000 0.000 0
2 278.000 2.000 0.116 0.000 0.019 15
1 281.000 3.000 0.000 0.000 0.000 0
2 282.000 1.000 -0.116 0.000 0.081 4
3 284.000 2.000 -0.116 0.000 0.081 4
1 286.000 2.000 0.000 0.000 0.000 0
2 287.000 1.000 -0.081 -0.085 0.024 12
3 289.000 2.000 -0.081 -0.085 0.024 12
1 292.000 3.000 0.000 0.000 0.000 0
2 294.000 2.000 0.082 -0.085 0.028 6
3 296.000 2.000 0.082 -0.085 0.028 6
1 298.000 2.000 0.000 0.000 0.000 0
2 299.000 1.000 -0.114 0.000 0.013 25
1 301.000 2.000 0.000 0.000 0.000 0
2 302.000 1.000 -0.082 0.085 0.072 17
1 305.000 3.000 0.000 0.000 0.000 0
2 306.000 1.000 0.114 0.000 0.087 21
1 308.000 2.000 0.000 0.000 0.000 0
2 309.000 1.000 -0.082 -0.085 0.072 5
3 311.000 2.000 -0.082 -0.085 0.072 5
1 314.000 3.000 0.000 0.000 0.000 0
2 315.000 1.000 -0.081 0.085 0.024 24
1 318.000 3.000 0.000 0.000 0.000 0
2 319.000 1.000 0.000 0.120 0.050 9
3 321.000 2.000 0.000 0.120 0.050 9
1 323.000 2.000 0.000 0.000 0.000 0
2 324.000 1.000 0.081 -0.085 0.076 28
1 326.000 2.000 0.000 0.000 0.000 0
2 327.000 1.000 0.114 0.000 0.087 7
3 329.000 2.000 0.114 0.000 0.087 7
1 331.000 2.000 0.000 0.000 0.000 0
2 333.000 2.000 0.114 0.000 0.087 21
1 335.000 2.000 0.000 0.000 0.000 0
2 336.000 1.000 -0.081 -0.085 0.024 26
1 339.000 3.000 0.000 0.000 0.000 0
2 340.000 1.000 0.082 0.085 0.028 16
1 342.000 2.000 0.000 0.000 0.000 0
2 343.000 1.000 -0.114 0.000 0.013 25
1 345.000 2.000 0.000 0.000 0.000 0
2 347.000 2.000 0.081 -0.085 0.076 14
3 349.000 2.000 0.081 -0.085 0.076 14
1 351.000 2.000 0.000 0.000 0.000 0
2 352.000 1.000 -0.081 0.085 0.024 10
3 354.000 2.000 -0.081 0.085 0.024 10
1 357.000 3.000 0.000 0.000 0.000 0
2 358.000 1.000 -0.082 -0.085 0.072 5
3 361.000 3.000 -0.082 -0.085 0.072 5
1 363.000 2.000 0.000 0.000 0.000 0
2 364.000 1.000 0.116 0.000 0.019 1
3 367.000 3.000 0.116 0.000 0.019 1
1 369.000 2.000 0.000 0.000 0.000 0
2 370.000 1.000 -0.082 0.085 0.072 3
3 372.000 2.000 -0.082 0.085 0.072 3
1 374.000 2.000 0.000 0.000 0.000 0
2 375.000 1.000 0.082 0.085 0.028 2
3 377.000 2.000 0.082 0.085 0.028 2
1 380.000 3.000 0.000 0.000 0.000 0
2 381.000 1.000 -0.116 0.000 0.081 18
1 383.000 2.000 0.000 0.000 0.000 0
2 384.000 1.000 -0.082 0.085 0.072 3
3 387.000 3.000 -0.082 0.085 0.072 3
1 389.000 2.000 0.000 0.000 0.000 0
2 390.000 1.000 0.116 0.000 0.019 15
1 392.000 2.000 0.000 0.000 0.000 0
2 393.000 1.000 -0.082 0.085 0.072 17
1 395.000 2.000 0.000 0.000 0.000 0
2 396.000 1.000 0.116 0.000 0.019 15
1 399.000 3.000 0.000 0.000 0.000 0
2 401.000 2.000 -0.000 -0.120 0.050 13
3 403.000 2.000 -0.000 -0.120 0.050 13
1 405.000 2.000 0.000 0.000 0.000 0
2 406.000 1.000 0.081 0.085 0.076 22
1 408.000 2.000 0.000 0.000 0.000 0
2 410.000 2.000 0.082 0.085 0.028 16
1 412.000 2.000 0.000 0.000 0.000 0
2 413.000 1.000 0.081 0.085 0.076 8
3 415.000 2.000 0.081 0.085 0.076 8
1 417.000 2.000 0.000 0.000 0.000 0
2 418.000 1.000 -0.114 0.000 0.013 11
3 420.000 2.000 -0.114 0.000 0.013 11
0 424.000 4.000 0.000 0.000 0.000 0
