0 8.000 8.000 0.000 0.000 0.000 0
1 11.000 3.000 0.000 0.000 0.000 0
2 12.000 1.000 -0.082 0.085 0.072 3
3 14.000 2.000 -0.082 0.085 0.072 3
1 16.000 2.000 0.000 0.000 0.000 0
2 17.000 1.000 -0.081 0.085 0.024 10
3 20.000 3.000 -0.081 0.085 0.024 10
1 22.000 2.000 0.000 0.000 0.000 0
2 24.000 2.000 0.114 0.000 0.087 21
1 27.000 3.000 0.000 0.000 0.000 0
2 28.000 1.000 -0.082 -0.085 0.072 19
1 30.000 2.000 0.000 0.000 0.000 0
2 31.000 1.000 0.114 0.000 0.087 7
3 33.000 2.000 0.114 0.000 0.087 7
1 35.000 2.000 0.000 0.000 0.000 0
2 36.000 1.000 0.082 0.085 0.028 2
3 38.000 2.000 0.082 0.085 0.028 2
1 41.000 3.000 0.000 0.000 0.000 0
2 43.000 2.000 0.082 0.085 0.028 16
1 45.000 2.000 0.000 0.000 0.000 0
2 47.000 2.000 -0.114 0.000 0.013 25
1 49.000 2.000 0.000 0.000 0.000 0
2 50.000 1.000 -0.116 0.000 0.081 4
3 52.000 2.000 -0.116 0.000 0.081 4
1 55.000 3.000 0.000 0.000 0.000 0
2 57.000 2.000 0.081 -0.085 0.076 28
1 60.000 3.000 0.000 0.000 0.000 0
2 61.000 1.000 -0.000 -0.120 0.050 27
1 63.000 2.000 0.000 0.000 0.000 0
2 64.000 1.000 -0.081 -0.085 0.024 12
3 66.000 2.000 -0.081 -0.085 0.024 12
1 68.000 2.000 0.000 0.000 0.000 0
2 69.000 1.000 -0.081 0.085 0.024 24
1 71.000 2.000 0.000 0.000 0.000 0
2 73.000 2.000 -0.081 -0.085 0.024 12
3 76.000 3.000 -0.081 -0.085 0.024 12
0 79.000 3.000 0.000 0.000 0.000 0
1 81.000 2.000 0.000 0.000 0.000 0
2 83.000 2.000 -0.114 0.000 0.013 25
1 86.000 3.000 0.000 0.000 0.000 0
2 87.000 1.000 0.081 -0.085 0.076 14
3 89.000 2.000 0.081 -0.085 0.076 14
1 91.000 2.000 0.000 0.000 0.000 0
2 93.000 2.000 -0.114 0.000 0.013 11
3 95.000 2.000 -0.114 0.000 0.013 11
1 98.000 3.000 0.000 0.000 0.000 0
2 100.000 2.000 -0.081 0.085 0.024 24
1 102.000 2.000 0.000 0.000 0.000 0
2 103.000 1.000 -0.081 -0.085 0.024 26
1 106.000 3.000 0.000 0.000 0.000 0
2 107.000 1.000 0.081 -0.085 0.076 28
1 109.000 2.000 0.000 0.000 0.000 0
2 110.000 1.000 0.081 -0.085 0.076 28
1 112.000 2.000 0.000 0.000 0.000 0
2 113.000 1.000 -0.114 0.000 0.013 25
1 115.000 2.000 0.000 0.000 0.000 0
2 117.000 2.000 -0.116 0.000 0.081 18
1 119.000 2.000 0.000 0.000 0.000 0
2 120.000 1.000 0.081 0.085 0.076 22
1 122.000 2.000 0.000 0.000 0.000 0
2 124.000 2.000 0.082 -0.085 0.028 20
1 126.000 2.000 0.000 0.000 0.000 0
2 127.000 1.000 0.082 0.085 0.028 2
3 129.000 2.000 0.082 0.085 0.028 2
1 131.000 2.000 0.000 0.000 0.000 0
2 132.000 1.000 0.000 0.120 0.050 9
3 135.000 3.000 0.000 0.120 0.050 9
1 137.000 2.000 0.000 0.000 0.000 0
2 138.000 1.000 0.116 0.000 0.019 1
3 140.000 2.000 0.116 0.000 0.019 1
1 142.000 2.000 0.000 0.000 0.000 0
2 143.000 1.000 0.114 0.000 0.087 21
1 145.000 2.000 0.000 0.000 0.000 0
2 146.000 1.000 0.000 0.120 0.050 9
3 148.000 2.000 0.000 0.120 0.050 9
1 150.000 2.000 0.000 0.000 0.000 0
2 151.000 1.000 0.116 0.000 0.019 15
1 154.000 3.000 0.000 0.000 0.000 0
2 156.000 2.000 0.081 0.085 0.076 22
1 158.000 2.000 0.000 0.000 0.000 0
2 160.000 2.000 0.082 0.085 0.028 16
1 162.000 2.000 0.000 0.000 0.000 0
2 164.000 2.000 -0.082 0.085 0.072 3
3 166.000 2.000 -0.082 0.085 0.072 3
1 169.000 3.000 0.000 0.000 0.000 0
2 170.000 1.000 0.081 0.085 0.076 8
3 173.000 3.000 0.081 0.085 0.076 8
1 176.000 3.000 0.000 0.000 0.000 0
2 177.000 1.000 0.000 0.120 0.050 23
1 179.000 2.000 0.000 0.000 0.000 0
2 180.000 1.000 0.116 0.000 0.019 1
3 182.000 2.000 0.116 0.000 0.019 1
1 184.000 2.000 0.000 0.000 0.000 0
2 185.000 1.000 -0.081 0.085 0.024 24
1 187.000 2.000 0.000 0.000 0.000 0
2 188.000 1.000 -0.082 0.085 0.072 17
1 191.000 3.000 0.000 0.000 0.000 0
2 193.000 2.000 0.082 0.085 0.028 16
1 195.000 2.000 0.000 0.000 0.000 0
2 196.000 1.000 -0.081 0.085 0.024 10
3 198.000 2.000 -0.081 0.085 0.024 10
1 200.000 2.000 0.000 0.000 0.000 0
2 201.000 1.000 -0.082 -0.085 0.072 19
1 203.000 2.000 0.000 0.000 0.000 0
2 204.000 1.000 0.000 0.120 0.050 23
1 206.000 2.000 0.000 0.000 0.000 0
2 207.000 1.000 0.082 -0.085 0.028 20
1 209.000 2.000 0.000 0.000 0.000 0
2 210.000 1.000 -0.082 0.085 0.072 17
1 212.000 2.000 0.000 0.000 0.000 0
2 214.000 2.000 0.116 0.000 0.019 15
1 217.000 3.000 0.000 0.000 0.000 0
2 218.000 1.000 0.116 0.000 0.019 1
3 220.000 2.000 0.116 0.000 0.019 1
1 222.000 2.000 0.000 0.000 0.000 0
2 224.000 2.000 -0.082 -0.085 0.072 5
3 226.000 2.000 -0.082 -0.085 0.072 5
1 228.000 2.000 0.000 0.000 0.000 0
2 230.000 2.000 -0.000 -0.120 0.050 13
3 232.000 2.000 -0.000 -0.120 0.050 13
1 235.000 3.000 0.000 0.000 0.000 0
2 237.000 2.000 0.000 0.120 0.050 9
3 239.000 2.000 0.000 0.120 0.050 9
1 242.000 3.000 0.000 0.000 0.000 0
2 244.000 2.000 0.082 -0.085 0.028 6
3 246.000 2.000 0.082 -0.085 0.028 6
1 248.000 2.000 0.000 0.000 0.000 0
2 249.000 1.000 0.081 -0.085 0.076 14
3 251.000 2.000 0.081 -0.085 0.076 14
1 253.000 2.000 0.000 0.000 0.000 0
2 254.000 1.000 0.081 0.085 0.076 8
3 256.000 2.000 0.081 0.085 0.076 8
1 258.000 2.000 0.000 0.000 0.000 0
2 260.000 2.000 0.081 0.085 0.076 22
0 263.000 3.000 0.000 0.000 0.000 0
1 265.000 2.000 0.000 0.000 0.000 0
2 266.000 1.000 -0.116 0.000 0.081 18
1 268.000 2.000 0.000 0.000 0.000 0
2 270.000 2.000 0.082 -0.085 0.028 6
3 273.000 3.000 0.082 -0.085 0.028 6
1 275.000 2.000 0.000 0.000 0.000 0
2 276.000 1.000 -0.000 -0.120 0.050 27
1 278.000 2.000 0.000 0.000 0.000 0
2 279.000 1.000 0.114 0.000 0.087 7
3 282.000 3.000 0.114 0.000 0.087 7
1 285.000 3.000 0.000 0.000 0.000 0
2 287.000 2.000 0.081 -0.085 0.076 14
3 289.000 2.000 0.081 -0.085 0.076 14
1 292.000 3.000 0.000 0.000 0.000 0
2 293.000 1.000 0.114 0.000 0.087 21
1 296.000 3.000 0.000 0.000 0.000 0
2 297.000 1.000 0.082 -0.085 0.028 6
3 300.000 3.000 0.082 -0.085 0.028 6
1 303.000 3.000 0.000 0.000 0.000 0
2 304.000 1.000 -0.082 0.085 0.072 3
3 306.000 2.000 -0.082 0.085 0.072 3
1 308.000 2.000 0.000 0.000 0.000 0
2 310.000 2.000 -0.082 -0.085 0.072 5
3 313.000 3.000 -0.082 -0.085 0.072 5
1 315.000 2.000 0.000 0.000 0.000 0
2 316.000 1.000 0.082 -0.085 0.028 20
1 318.000 2.000 0.000 0.000 0.000 0
2 319.000 1.000 -0.000 -0.120 0.050 13
3 321.000 2.000 -0.000 -0.120 0.050 13
1 323.000 2.000 0.000 0.000 0.000 0
2 324.000 1.000 -0.082 0.085 0.072 17
1 326.000 2.000 0.000 0.000 0.000 0
2 328.000 2.000 -0.081 -0.085 0.024 26
1 330.000 2.000 0.000 0.000 0.000 0
2 331.000 1.000 -0.082 -0.085 0.072 5
3 334.000 3.000 -0.082 -0.085 0.072 5
1 336.000 2.000 0.000 0.000 0.000 0
2 337.000 1.000 -0.116 0.000 0.081 4
3 339.000 2.000 -0.116 0.000 0.081 4
1 341.000 2.000 0.000 0.000 0.000 0
2 342.000 1.000 0.082 0.085 0.028 2
3 344.000 2.000 0.082 0.085 0.028 2
0 347.000 3.000 0.000 0.000 0.000 0
1 350.000 3.000 0.000 0.000 0.000 0
2 351.000 1.000 -0.082 -0.085 0.072 19
1 353.000 2.000 0.000 0.000 0.000 0
2 354.000 1.000 -0.116 0.000 0.081 18
1 357.000 3.000 0.000 0.000 0.000 0
2 358.000 1.000 -0.081 -0.085 0.024 26
1 360.000 2.000 0.000 0.000 0.000 0
2 362.000 2.000 -0.000 -0.120 0.050 13
3 364.000 2.000 -0.000 -0.120 0.050 13
1 367.000 3.000 0.000 0.000 0.000 0
2 368.000 1.000 -0.114 0.000 0.013 11
3 370.000 2.000 -0.114 0.000 0.013 11
1 372.000 2.000 0.000 0.000 0.000 0
2 374.000 2.000 0.114 0.000 0.087 7
3 377.000 3.000 0.114 0.000 0.087 7
1 380.000 3.000 0.000 0.000 0.000 0
2 381.000 1.000 -0.116 0.000 0.081 4
3 384.000 3.000 -0.116 0.000 0.081 4
1 386.000 2.000 0.000 0.000 0.000 0
2 388.000 2.000 0.081 0.085 0.076 8
3 391.000 3.000 0.081 0.085 0.076 8
1 394.000 3.000 0.000 0.000 0.000 0
2 396.000 2.000 -0.000 -0.120 0.050 27
1 398.000 2.000 0.000 0.000 0.000 0
2 399.000 1.000 -0.081 -0.085 0.024 12
3 401.000 2.000 -0.081 -0.085 0.024 12
1 404.000 3.000 0.000 0.000 0.000 0
2 405.000 1.000 0.000 0.120 0.050 23
1 407.000 2.000 0.000 0.000 0.000 0
2 408.000 1.000 0.116 0.000 0.019 15
1 410.000 2.000 0.000 0.000 0.000 0
2 412.000 2.000 -0.081 0.085 0.024 10
3 414.000 2.000 -0.081 0.085 0.024 10
1 417.000 3.000 0.000 0.000 0.000 0
2 418.000 1.000 -0.114 0.000 0.013 11
3 421.000 3.000 -0.114 0.000 0.013 11
0 424.000 3.000 0.000 0.000 0.000 0
