0 8.000 8.000 0.000 0.000 0.000 0
1 11.000 3.000 0.000 0.000 0.000 0
2 12.000 1.000 0.082 0.085 0.028 16
0 15.000 3.000 0.000 0.000 0.000 0
1 17.000 2.000 0.000 0.000 0.000 0
2 18.000 1.000 -0.116 0.000 0.081 4
3 20.000 2.000 -0.116 0.000 0.081 4
1 22.000 2.000 0.000 0.000 0.000 0
2 24.000 2.000 -0.000 -0.120 0.050 13
3 27.000 3.000 -0.000 -0.120 0.050 13
1 29.000 2.000 0.000 0.000 0.000 0
2 31.000 2.000 -0.081 -0.085 0.024 26
1 34.000 3.000 0.000 0.000 0.000 0
2 35.000 1.000 -0.081 0.085 0.024 24
1 38.000 3.000 0.000 0.000 0.000 0
2 39.000 1.000 -0.114 0.000 0.013 11
3 41.000 2.000 -0.114 0.000 0.013 11
1 43.000 2.000 0.000 0.000 0.000 0
2 44.000 1.000 0.000 0.120 0.050 23
0 47.000 3.000 0.000 0.000 0.000 0
1 49.000 2.000 0.000 0.000 0.000 0
2 50.000 1.000 0.116 0.000 0.019 15
1 52.000 2.000 0.000 0.000 0.000 0
2 53.000 1.000 -0.081 -0.085 0.024 26
1 55.000 2.000 0.000 0.000 0.000 0
2 56.000 1.000 0.081 0.085 0.076 8
3 58.000 2.000 0.081 0.085 0.076 8
1 60.000 2.000 0.000 0.000 0.000 0
2 62.000 2.000 0.116 0.000 0.019 1
3 64.000 2.000 0.116 0.000 0.019 1
1 66.000 2.000 0.000 0.000 0.000 0
2 67.000 1.000 0.114 0.000 0.087 7
3 69.000 2.000 0.114 0.000 0.087 7
1 72.000 3.000 0.000 0.000 0.000 0
2 73.000 1.000 0.082 -0.085 0.028 20
1 76.000 3.000 0.000 0.000 0.000 0
2 77.000 1.000 0.081 0.085 0.076 8
3 80.000 3.000 0.081 0.085 0.076 8
1 83.000 3.000 0.000 0.000 0.000 0
2 85.000 2.000 -0.114 0.000 0.013 25
1 87.000 2.000 0.000 0.000 0.000 0
2 88.000 1.000 -0.116 0.000 0.081 18
1 90.000 2.000 0.000 0.000 0.000 0
2 91.000 1.000 -0.114 0.000 0.013 11
3 94.000 3.000 -0.114 0.000 0.013 11
1 96.000 2.000 0.000 0.000 0.000 0
2 97.000 1.000 -0.000 -0.120 0.050 13
3 100.000 3.000 -0.000 -0.120 0.050 13
1 102.000 2.000 0.000 0.000 0.000 0
2 103.000 1.000 -0.081 0.085 0.024 24
1 105.000 2.000 0.000 0.000 0.000 0
2 106.000 1.000 0.081 -0.085 0.076 28
1 108.000 2.000 0.000 0.000 0.000 0
2 109.000 1.000 -0.116 0.000 0.081 4
3 112.000 3.000 -0.116 0.000 0.081 4
1 115.000 3.000 0.000 0.000 0.000 0
2 116.000 1.000 0.114 0.000 0.087 21
1 119.000 3.000 0.000 0.000 0.000 0
2 120.000 1.000 0.082 0.085 0.028 16
1 123.000 3.000 0.000 0.000 0.000 0
2 124.000 1.000 -0.116 0.000 0.081 4
3 126.000 2.000 -0.116 0.000 0.081 4
1 128.000 2.000 0.000 0.000 0.000 0
2 129.000 1.000 0.000 0.120 0.050 23
1 132.000 3.000 0.000 0.000 0.000 0
2 133.000 1.000 -0.082 -0.085 0.072 19
1 135.000 2.000 0.000 0.000 0.000 0
2 136.000 1.000 -0.114 0.000 0.013 25
1 138.000 2.000 0.000 0.000 0.000 0
2 140.000 2.000 0.081 0.085 0.076 8
3 142.000 2.000 0.081 0.085 0.076 8
1 144.000 2.000 0.000 0.000 0.000 0
2 145.000 1.000 0.082 -0.085 0.028 6
3 147.000 2.000 0.082 -0.085 0.028 6
1 149.000 2.000 0.000 0.000 0.000 0
2 150.000 1.000 -0.081 -0.085 0.024 26
1 153.000 3.000 0.000 0.000 0.000 0
2 154.000 1.000 0.082 -0.085 0.028 20
1 157.000 3.000 0.000 0.000 0.000 0
2 158.000 1.000 -0.082 -0.085 0.072 19
1 160.000 2.000 0.000 0.000 0.000 0
2 161.000 1.000 -0.082 0.085 0.072 17
1 163.000 2.000 0.000 0.000 0.000 0
2 164.000 1.000 -0.082 0.085 0.072 17
1 167.000 3.000 0.000 0.000 0.000 0
2 168.000 1.000 0.114 0.000 0.087 21
1 170.000 2.000 0.000 0.000 0.000 0
2 172.000 2.000 0.081 -0.085 0.076 28
1 174.000 2.000 0.000 0.000 0.000 0
2 175.000 1.000 0.082 0.085 0.028 16
1 178.000 3.000 0.000 0.000 0.000 0
2 179.000 1.000 0.114 0.000 0.087 21
1 182.000 3.000 0.000 0.000 0.000 0
2 183.000 1.000 0.081 -0.085 0.076 14
3 186.000 3.000 0.081 -0.085 0.076 14
1 188.000 2.000 0.000 0.000 0.000 0
2 190.000 2.000 0.081 0.085 0.076 22
1 192.000 2.000 0.000 0.000 0.000 0
2 193.000 1.000 -0.000 -0.120 0.050 27
1 196.000 3.000 0.000 0.000 0.000 0
2 198.000 2.000 0.114 0.000 0.087 7
3 200.000 2.000 0.114 0.000 0.087 7
1 203.000 3.000 0.000 0.000 0.000 0
2 204.000 1.000 -0.000 -0.120 0.050 27
1 206.000 2.000 0.000 0.000 0.000 0
2 207.000 1.000 -0.114 0.000 0.013 25
1 209.000 2.000 0.000 0.000 0.000 0
2 210.000 1.000 0.116 0.000 0.019 15
1 212.000 2.000 0.000 0.000 0.000 0
2 214.000 2.000 0.082 -0.085 0.028 20
1 216.000 2.000 0.000 0.000 0.000 0
2 217.000 1.000 0.082 -0.085 0.028 6
3 219.000 2.000 0.082 -0.085 0.028 6
1 221.000 2.000 0.000 0.000 0.000 0
2 222.000 1.000 -0.114 0.000 0.013 11
3 225.000 3.000 -0.114 0.000 0.013 11
1 227.000 2.000 0.000 0.000 0.000 0
2 228.000 1.000 0.081 -0.085 0.076 14
3 230.000 2.000 0.081 -0.085 0.076 14
1 232.000 2.000 0.000 0.000 0.000 0
2 233.000 1.000 0.116 0.000 0.019 1
3 235.000 2.000 0.116 0.000 0.019 1
1 237.000 2.000 0.000 0.000 0.000 0
2 238.000 1.000 -0.081 0.085 0.024 10
3 241.000 3.000 -0.081 0.085 0.024 10
1 243.000 2.000 0.000 0.000 0.000 0
2 245.000 2.000 0.116 0.000 0.019 1
3 247.000 2.000 0.116 0.000 0.019 1
1 250.000 3.000 0.000 0.000 0.000 0
2 251.000 1.000 0.081 -0.085 0.076 28
1 254.000 3.000 0.000 0.000 0.000 0
2 256.000 2.000 0.081 -0.085 0.076 14
3 258.000 2.000 0.081 -0.085 0.076 14
1 260.000 2.000 0.000 0.000 0.000 0
2 261.000 1.000 0.000 0.120 0.050 9
3 263.000 2.000 0.000 0.120 0.050 9
1 265.000 2.000 0.000 0.000 0.000 0
2 266.000 1.000 0.116 0.000 0.019 15
1 268.000 2.000 0.000 0.000 0.000 0
2 269.000 1.000 -0.081 -0.085 0.024 12
3 271.000 2.000 -0.081 -0.085 0.024 12
1 274.000 3.000 0.000 0.000 0.000 0
2 275.000 1.000 -0.081 -0.085 0.024 12
3 277.000 2.000 -0.081 -0.085 0.024 12
1 280.000 3.000 0.000 0.000 0.000 0
2 282.000 2.000 -0.082 -0.085 0.072 5
3 285.000 3.000 -0.082 -0.085 0.072 5
1 287.000 2.000 0.000 0.000 0.000 0
2 289.000 2.000 0.000 0.120 0.050 23
1 292.000 3.000 0.000 0.000 0.000 0
2 293.000 1.000 0.082 0.085 0.028 2
3 296.000 3.000 0.082 0.085 0.028 2
1 299.000 3.000 0.000 0.000 0.000 0
2 301.000 2.000 -0.081 -0.085 0.024 12
3 304.000 3.000 -0.081 -0.085 0.024 12
1 307.000 3.000 0.000 0.000 0.000 0
2 309.000 2.000 0.081 0.085 0.076 22
1 312.000 3.000 0.000 0.000 0.000 0
2 313.000 1.000 -0.081 0.085 0.024 24
1 315.000 2.000 0.000 0.000 0.000 0
2 317.000 2.000 -0.116 0.000 0.081 18
1 320.000 3.000 0.000 0.000 0.000 0
2 322.000 2.000 -0.082 0.085 0.072 3
3 324.000 2.000 -0.082 0.085 0.072 3
1 327.000 3.000 0.000 0.000 0.000 0
2 328.000 1.000 0.082 0.085 0.028 2
3 330.000 2.000 0.082 0.085 0.028 2
1 332.000 2.000 0.000 0.000 0.000 0
2 333.000 1.000 -0.082 -0.085 0.072 5
3 336.000 3.000 -0.082 -0.085 0.072 5
1 338.000 2.000 0.000 0.000 0.000 0
2 339.000 1.000 -0.081 0.085 0.024 10
3 341.000 2.000 -0.081 0.085 0.024 10
1 343.000 2.000 0.000 0.000 0.000 0
2 344.000 1.000 0.114 0.000 0.087 7
3 346.000 2.000 0.114 0.000 0.087 7
0 349.000 3.000 0.000 0.000 0.000 0
1 351.000 2.000 0.000 0.000 0.000 0
2 352.000 1.000 0.082 -0.085 0.028 6
3 354.000 2.000 0.082 -0.085 0.028 6
1 356.000 2.000 0.000 0.000 0.000 0
2 358.000 2.000 -0.082 0.085 0.072 3
3 360.000 2.000 -0.082 0.085 0.072 3
1 363.000 3.000 0.000 0.000 0.000 0
2 364.000 1.000 -0.000 -0.120 0.050 13
3 366.000 2.000 -0.000 -0.120 0.050 13
1 368.000 2.000 0.000 0.000 0.000 0
2 369.000 1.000 -0.000 -0.120 0.050 27
1 371.000 2.000 0.000 0.000 0.000 0
2 373.000 2.000 -0.116 0.000 0.081 18
1 375.000 2.000 0.000 0.000 0.000 0
2 376.000 1.000 0.082 0.085 0.028 2
3 378.000 2.000 0.082 0.085 0.028 2
1 381.000 3.000 0.000 0.000 0.000 0
2 382.000 1.000 -0.082 0.085 0.072 3
3 384.000 2.000 -0.082 0.085 0.072 3
1 386.000 2.000 0.000 0.000 0.000 0
2 388.000 2.000 -0.082 -0.085 0.072 5
3 391.000 3.000 -0.082 -0.085 0.072 5
1 394.000 3.000 0.000 0.000 0.000 0
2 395.000 1.000 -0.082 -0.085 0.072 19
1 397.000 2.000 0.000 0.000 0.000 0
2 399.000 2.000 -0.082 0.085 0.072 17
1 401.000 2.000 0.000 0.000 0.000 0
2 402.000 1.000 0.081 0.085 0.076 22
1 405.000 3.000 0.000 0.000 0.000 0
2 407.000 2.000 -0.081 0.085 0.024 10
3 409.000 2.000 -0.081 0.085 0.024 10
1 411.000 2.000 0.000 0.000 0.000 0
2 412.000 1.000 0.000 0.120 0.050 9
3 414.000 2.000 0.000 0.120 0.050 9
1 417.000 3.000 0.000 0.000 0.000 0
2 418.000 1.000 0.000 0.120 0.050 9
3 420.000 2.000 0.000 0.120 0.050 9
0 424.000 4.000 0.000 0.000 0.000 0
