0 8.000 8.000 0.000 0.000 0.000 0
1 10.000 2.000 0.000 0.000 0.000 0
2 11.000 1.000 0.000 0.120 0.050 23
1 13.000 2.000 0.000 0.000 0.000 0
2 14.000 1.000 0.082 -0.085 0.028 20
1 16.000 2.000 0.000 0.000 0.000 0
2 17.000 1.000 -0.000 -0.120 0.050 27
1 19.000 2.000 0.000 0.000 0.000 0
2 20.000 1.000 0.081 0.085 0.076 8
3 23.000 3.000 0.081 0.085 0.076 8
1 25.000 2.000 0.000 0.000 0.000 0
2 26.000 1.000 -0.116 0.000 0.081 18
1 29.000 3.000 0.000 0.000 0.000 0
2 30.000 1.000 0.081 -0.085 0.076 28
1 32.000 2.000 0.000 0.000 0.000 0
2 34.000 2.000 0.081 -0.085 0.076 28
1 36.000 2.000 0.000 0.000 0.000 0
2 37.000 1.000 0.082 0.085 0.028 2
3 40.000 3.000 0.082 0.085 0.028 2
1 42.000 2.000 0.000 0.000 0.000 0
2 43.000 1.000 -0.081 -0.085 0.024 12
3 46.000 3.000 -0.081 -0.085 0.024 12
1 48.000 2.000 0.000 0.000 0.000 0
2 49.000 1.000 -0.116 0.000 0.081 4
3 51.000 2.000 -0.116 0.000 0.081 4
1 54.000 3.000 0.000 0.000 0.000 0
2 56.000 2.000 -0.082 -0.085 0.072 19
1 58.000 2.000 0.000 0.000 0.000 0
2 59.000 1.000 -0.081 -0.085 0.024 26
1 61.000 2.000 0.000 0.000 0.000 0
2 62.000 1.000 -0.082 0.085 0.072 3
3 64.000 2.000 -0.082 0.085 0.072 3
1 67.000 3.000 0.000 0.000 0.000 0
2 68.000 1.000 0.082 -0.085 0.028 20
1 70.000 2.000 0.000 0.000 0.000 0
2 72.000 2.000 0.114 0.000 0.087 7
3 74.000 2.000 0.114 0.000 0.087 7
1 76.000 2.000 0.000 0.000 0.000 0
2 77.000 1.000 0.082 -0.085 0.028 6
3 79.000 2.000 0.082 -0.085 0.028 6
1 81.000 2.000 0.000 0.000 0.000 0
2 83.000 2.000 -0.081 -0.085 0.024 12
3 85.000 2.000 -0.081 -0.085 0.024 12
1 87.000 2.000 0.000 0.000 0.000 0
2 88.000 1.000 -0.082 -0.085 0.072 19
1 90.000 2.000 0.000 0.000 0.000 0
2 91.000 1.000 -0.082 -0.085 0.072 19
1 94.000 3.000 0.000 0.000 0.000 0
2 95.000 1.000 0.116 0.000 0.019 1
3 97.000 2.000 0.116 0.000 0.019 1
1 99.000 2.000 0.000 0.000 0.000 0
2 101.000 2.000 -0.082 0.085 0.072 3
3 104.000 3.000 -0.082 0.085 0.072 3
1 107.000 3.000 0.000 0.000 0.000 0
2 108.000 1.000 0.000 0.120 0.050 9
3 111.000 3.000 0.000 0.120 0.050 9
1 113.000 2.000 0.000 0.000 0.000 0
2 114.000 1.000 -0.116 0.000 0.081 18
1 117.000 3.000 0.000 0.000 0.000 0
2 118.000 1.000 -0.081 0.085 0.024 24
1 120.000 2.000 0.000 0.000 0.000 0
2 122.000 2.000 0.082 0.085 0.028 16
1 125.000 3.000 0.000 0.000 0.000 0
2 126.000 1.000 0.081 -0.085 0.076 14
3 128.000 2.000 0.081 -0.085 0.076 14
1 130.000 2.000 0.000 0.000 0.000 0
2 131.000 1.000 0.082 0.085 0.028 2
3 133.000 2.000 0.082 0.085 0.028 2
1 135.000 2.000 0.000 0.000 0.000 0
2 137.000 2.000 0.000 0.120 0.050 23
1 140.000 3.000 0.000 0.000 0.000 0
2 141.000 1.000 -0.081 -0.085 0.024 26
1 144.000 3.000 0.000 0.000 0.000 0
2 146.000 2.000 0.082 -0.085 0.028 20
1 148.000 2.000 0.000 0.000 0.000 0
2 149.000 1.000 -0.082 -0.085 0.072 5
3 151.000 2.000 -0.082 -0.085 0.072 5
1 153.000 2.000 0.000 0.000 0.000 0
2 154.000 1.000 -0.081 0.085 0.024 10
3 157.000 3.000 -0.081 0.085 0.024 10
1 159.000 2.000 0.000 0.000 0.000 0
2 161.000 2.000 0.116 0.000 0.019 15
1 163.000 2.000 0.000 0.000 0.000 0
2 164.000 1.000 -0.082 0.085 0.072 17
1 167.000 3.000 0.000 0.000 0.000 0
2 168.000 1.000 -0.114 0.000 0.013 25
1 171.000 3.000 0.000 0.000 0.000 0
2 173.000 2.000 -0.082 0.085 0.072 17
0 176.000 3.000 0.000 0.000 0.000 0
1 179.000 3.000 0.000 0.000 0.000 0
2 180.000 1.000 -0.081 0.085 0.024 10
3 183.000 3.000 -0.081 0.085 0.024 10
1 185.000 2.000 0.000 0.000 0.000 0
2 186.000 1.000 -0.082 0.085 0.072 3
3 189.000 3.000 -0.082 0.085 0.072 3
1 191.000 2.000 0.000 0.000 0.000 0
2 192.000 1.000 0.114 0.000 0.087 7
3 195.000 3.000 0.114 0.000 0.087 7
1 197.000 2.000 0.000 0.000 0.000 0
2 199.000 2.000 0.081 -0.085 0.076 28
1 201.000 2.000 0.000 0.000 0.000 0
2 202.000 1.000 0.082 -0.085 0.028 6
3 204.000 2.000 0.082 -0.085 0.028 6
1 206.000 2.000 0.000 0.000 0.000 0
2 207.000 1.000 -0.000 -0.120 0.050 27
0 210.000 3.000 0.000 0.000 0.000 0
1 212.000 2.000 0.000 0.000 0.000 0
2 213.000 1.000 0.000 0.120 0.050 23
1 216.000 3.000 0.000 0.000 0.000 0
2 218.000 2.000 -0.081 0.085 0.024 10
3 221.000 3.000 -0.081 0.085 0.024 10
1 223.000 2.000 0.000 0.000 0.000 0
2 224.000 1.000 0.000 0.120 0.050 9
3 226.000 2.000 0.000 0.120 0.050 9
1 228.000 2.000 0.000 0.000 0.000 0
2 229.000 1.000 0.114 0.000 0.087 21
1 232.000 3.000 0.000 0.000 0.000 0
2 233.000 1.000 0.081 0.085 0.076 8
3 235.000 2.000 0.081 0.085 0.076 8
1 237.000 2.000 0.000 0.000 0.000 0
2 239.000 2.000 0.081 0.085 0.076 22
1 242.000 3.000 0.000 0.000 0.000 0
2 243.000 1.000 -0.000 -0.120 0.050 27
1 246.000 3.000 0.000 0.000 0.000 0
2 248.000 2.000 -0.114 0.000 0.013 11
3 250.000 2.000 -0.114 0.000 0.013 11
1 252.000 2.000 0.000 0.000 0.000 0
2 253.000 1.000 0.114 0.000 0.087 21
1 255.000 2.000 0.000 0.000 0.000 0
2 257.000 2.000 -0.114 0.000 0.013 11
3 259.000 2.000 -0.114 0.000 0.013 11
1 261.000 2.000 0.000 0.000 0.000 0
2 263.000 2.000 0.116 0.000 0.019 1
3 265.000 2.000 0.116 0.000 0.019 1
1 268.000 3.000 0.000 0.000 0.000 0
2 269.000 1.000 0.000 0.120 0.050 9
3 272.000 3.000 0.000 0.120 0.050 9
1 274.000 2.000 0.000 0.000 0.000 0
2 276.000 2.000 0.081 0.085 0.076 22
1 279.000 3.000 0.000 0.000 0.000 0
2 280.000 1.000 -0.000 -0.120 0.050 13
3 283.000 3.000 -0.000 -0.120 0.050 13
1 286.000 3.000 0.000 0.000 0.000 0
2 288.000 2.000 0.081 -0.085 0.076 14
3 290.000 2.000 0.081 -0.085 0.076 14
1 292.000 2.000 0.000 0.000 0.000 0
2 293.000 1.000 0.081 -0.085 0.076 14
3 295.000 2.000 0.081 -0.085 0.076 14
1 297.000 2.000 0.000 0.000 0.000 0
2 298.000 1.000 -0.116 0.000 0.081 4
3 300.000 2.000 -0.116 0.000 0.081 4
1 302.000 2.000 0.000 0.000 0.000 0
2 304.000 2.000 -0.082 -0.085 0.072 5
3 306.000 2.000 -0.082 -0.085 0.072 5
1 309.000 3.000 0.000 0.000 0.000 0
2 310.000 1.000 -0.081 -0.085 0.024 26
1 313.000 3.000 0.000 0.000 0.000 0
2 315.000 2.000 -0.081 0.085 0.024 24
1 317.000 2.000 0.000 0.000 0.000 0
2 318.000 1.000 0.082 0.085 0.028 16
1 320.000 2.000 0.000 0.000 0.000 0
2 321.000 1.000 0.114 0.000 0.087 21
1 324.000 3.000 0.000 0.000 0.000 0
2 325.000 1.000 -0.000 -0.120 0.050 13
3 327.000 2.000 -0.000 -0.120 0.050 13
1 330.000 3.000 0.000 0.000 0.000 0
2 332.000 2.000 0.081 0.085 0.076 8
3 334.000 2.000 0.081 0.085 0.076 8
1 336.000 2.000 0.000 0.000 0.000 0
2 337.000 1.000 0.081 0.085 0.076 22
1 339.000 2.000 0.000 0.000 0.000 0
2 340.000 1.000 -0.116 0.000 0.081 18
1 342.000 2.000 0.000 0.000 0.000 0
2 343.000 1.000 -0.082 0.085 0.072 17
1 345.000 2.000 0.000 0.000 0.000 0
2 346.000 1.000 -0.082 -0.085 0.072 5
3 349.000 3.000 -0.082 -0.085 0.072 5
1 351.000 2.000 0.000 0.000 0.000 0
2 352.000 1.000 -0.114 0.000 0.013 25
1 354.000 2.000 0.000 0.000 0.000 0
2 356.000 2.000 -0.081 0.085 0.024 24
1 359.000 3.000 0.000 0.000 0.000 0
2 360.000 1.000 0.082 0.085 0.028 2
3 362.000 2.000 0.082 0.085 0.028 2
1 364.000 2.000 0.000 0.000 0.000 0
2 365.000 1.000 0.082 0.085 0.028 16
1 368.000 3.000 0.000 0.000 0.000 0
2 369.000 1.000 0.116 0.000 0.019 15
1 372.000 3.000 0.000 0.000 0.000 0
2 373.000 1.000 0.116 0.000 0.019 1
3 375.000 2.000 0.116 0.000 0.019 1
1 377.000 2.000 0.000 0.000 0.000 0
2 379.000 2.000 0.116 0.000 0.019 15
1 382.000 3.000 0.000 0.000 0.000 0
2 383.000 1.000 0.082 -0.085 0.028 6
3 386.000 3.000 0.082 -0.085 0.028 6
1 388.000 2.000 0.000 0.000 0.000 0
2 389.000 1.000 -0.000 -0.120 0.050 13
3 391.000 2.000 -0.000 -0.120 0.050 13
1 393.000 2.000 0.000 0.000 0.000 0
2 394.000 1.000 -0.081 -0.085 0.024 12
3 396.000 2.000 -0.081 -0.085 0.024 12
1 399.000 3.000 0.000 0.000 0.000 0
2 400.000 1.000 0.114 0.000 0.087 7
3 402.000 2.000 0.114 0.000 0.087 7
1 405.000 3.000 0.000 0.000 0.000 0
2 406.000 1.000 -0.114 0.000 0.013 25
1 408.000 2.000 0.000 0.000 0.000 0
2 410.000 2.000 -0.116 0.000 0.081 4
3 413.000 3.000 -0.116 0.000 0.081 4
1 415.000 2.000 0.000 0.000 0.000 0
2 416.000 1.000 -0.114 0.000 0.013 11
3 418.000 2.000 -0.114 0.000 0.013 11
0 421.000 3.000 0.000 0.000 0.000 0
0 424.000 3.000 0.000 0.000 0.000 0
