0 8.000 8.000 0.000 0.000 0.000 0
1 10.000 2.000 0.000 0.000 0.000 0
2 11.000 1.000 0.081 -0.085 0.076 14
3 13.000 2.000 0.081 -0.085 0.076 14
1 15.000 2.000 0.000 0.000 0.000 0
2 17.000 2.000 -0.000 -0.120 0.050 27
1 19.000 2.000 0.000 0.000 0.000 0
2 21.000 2.000 0.116 0.000 0.019 1
3 23.000 2.000 0.116 0.000 0.019 1
1 26.000 3.000 0.000 0.000 0.000 0
2 27.000 1.000 -0.116 0.000 0.081 4
3 29.000 2.000 -0.116 0.000 0.081 4
1 32.000 3.000 0.000 0.000 0.000 0
2 33.000 1.000 -0.082 0.085 0.072 17
1 35.000 2.000 0.000 0.000 0.000 0
2 37.000 2.000 -0.082 -0.085 0.072 5
3 40.000 3.000 -0.082 -0.085 0.072 5
1 42.000 2.000 0.000 0.000 0.000 0
2 43.000 1.000 -0.081 0.085 0.024 24
1 45.000 2.000 0.000 0.000 0.000 0
2 46.000 1.000 0.000 0.120 0.050 23
1 48.000 2.000 0.000 0.000 0.000 0
2 49.000 1.000 0.082 0.085 0.028 16
1 51.000 2.000 0.000 0.000 0.000 0
2 52.000 1.000 0.114 0.000 0.087 21
1 55.000 3.000 0.000 0.000 0.000 0
2 56.000 1.000 0.082 -0.085 0.028 6
3 59.000 3.000 0.082 -0.085 0.028 6
1 61.000 2.000 0.000 0.000 0.000 0
2 62.000 1.000 0.116 0.000 0.019 15
1 64.000 2.000 0.000 0.000 0.000 0
2 66.000 2.000 0.114 0.000 0.087 21
1 69.000 3.000 0.000 0.000 0.000 0
2 70.000 1.000 -0.114 0.000 0.013 11
3 72.000 2.000 -0.114 0.000 0.013 11
1 75.000 3.000 0.000 0.000 0.000 0
2 76.000 1.000 -0.082 -0.085 0.072 19
1 78.000 2.000 0.000 0.000 0.000 0
2 79.000 1.000 -0.081 0.085 0.024 10
3 82.000 3.000 -0.081 0.085 0.024 10
1 84.000 2.000 0.000 0.000 0.000 0
2 86.000 2.000 0.000 0.120 0.050 9
3 89.000 3.000 0.000 0.120 0.050 9
1 92.000 3.000 0.000 0.000 0.000 0
2 93.000 1.000 -0.000 -0.120 0.050 13
3 95.000 2.000 -0.000 -0.120 0.050 13
1 98.000 3.000 0.000 0.000 0.000 0
2 99.000 1.000 -0.116 0.000 0.081 18
1 101.000 2.000 0.000 0.000 0.000 0
2 102.000 1.000 -0.000 -0.120 0.050 13
3 104.000 2.000 -0.000 -0.120 0.050 13
1 106.000 2.000 0.000 0.000 0.000 0
2 108.000 2.000 -0.081 0.085 0.024 10
3 110.000 2.000 -0.081 0.085 0.024 10
1 113.000 3.000 0.000 0.000 0.000 0
2 114.000 1.000 -0.082 -0.085 0.072 19
1 117.000 3.000 0.000 0.000 0.000 0
2 118.000 1.000 0.081 -0.085 0.076 28
1 120.000 2.000 0.000 0.000 0.000 0
2 121.000 1.000 -0.081 -0.085 0.024 12
3 123.000 2.000 -0.081 -0.085 0.024 12
1 125.000 2.000 0.000 0.000 0.000 0
2 127.000 2.000 -0.082 -0.085 0.072 5
3 130.000 3.000 -0.082 -0.085 0.072 5
1 132.000 2.000 0.000 0.000 0.000 0
2 133.000 1.000 0.116 0.000 0.019 15
1 135.000 2.000 0.000 0.000 0.000 0
2 137.000 2.000 0.082 0.085 0.028 16
1 140.000 3.000 0.000 0.000 0.000 0
2 141.000 1.000 -0.114 0.000 0.013 11
3 143.000 2.000 -0.114 0.000 0.013 11
1 145.000 2.000 0.000 0.000 0.000 0
2 146.000 1.000 0.114 0.000 0.087 7
3 148.000 2.000 0.114 0.000 0.087 7
1 150.000 2.000 0.000 0.000 0.000 0
2 151.000 1.000 -0.081 -0.085 0.024 12
3 153.000 2.000 -0.081 -0.085 0.024 12
1 155.000 2.000 0.000 0.000 0.000 0
2 156.000 1.000 0.082 -0.085 0.028 20
1 158.000 2.000 0.000 0.000 0.000 0
2 160.000 2.000 0.082 -0.085 0.028 20
1 163.000 3.000 0.000 0.000 0.000 0
2 164.000 1.000 -0.114 0.000 0.013 25
1 167.000 3.000 0.000 0.000 0.000 0
2 168.000 1.000 0.000 0.120 0.050 9
3 170.000 2.000 0.000 0.120 0.050 9
1 172.000 2.000 0.000 0.000 0.000 0
2 174.000 2.000 0.081 -0.085 0.076 14
3 176.000 2.000 0.081 -0.085 0.076 14
1 179.000 3.000 0.000 0.000 0.000 0
2 180.000 1.000 -0.000 -0.120 0.050 27
1 183.000 3.000 0.000 0.000 0.000 0
2 184.000 1.000 0.082 0.085 0.028 2
3 186.000 2.000 0.082 0.085 0.028 2
1 188.000 2.000 0.000 0.000 0.000 0
2 189.000 1.000 0.081 0.085 0.076 22
1 192.000 3.000 0.000 0.000 0.000 0
2 193.000 1.000 -0.116 0.000 0.081 4
3 196.000 3.000 -0.116 0.000 0.081 4
1 198.000 2.000 0.000 0.000 0.000 0
2 199.000 1.000 0.081 0.085 0.076 22
1 201.000 2.000 0.000 0.000 0.000 0
2 202.000 1.000 -0.082 -0.085 0.072 5
3 204.000 2.000 -0.082 -0.085 0.072 5
1 206.000 2.000 0.000 0.000 0.000 0
2 207.000 1.000 -0.116 0.000 0.081 18
1 209.000 2.000 0.000 0.000 0.000 0
2 211.000 2.000 0.082 -0.085 0.028 20
1 213.000 2.000 0.000 0.000 0.000 0
2 214.000 1.000 -0.081 0.085 0.024 10
3 217.000 3.000 -0.081 0.085 0.024 10
1 220.000 3.000 0.000 0.000 0.000 0
2 221.000 1.000 0.082 -0.085 0.028 6
3 223.000 2.000 0.082 -0.085 0.028 6
1 225.000 2.000 0.000 0.000 0.000 0
2 227.000 2.000 0.081 0.085 0.076 8
3 229.000 2.000 0.081 0.085 0.076 8
1 232.000 3.000 0.000 0.000 0.000 0
2 233.000 1.000 -0.081 0.085 0.024 24
1 235.000 2.000 0.000 0.000 0.000 0
2 237.000 2.000 0.114 0.000 0.087 7
3 239.000 2.000 0.114 0.000 0.087 7
1 241.000 2.000 0.000 0.000 0.000 0
2 243.000 2.000 0.000 0.120 0.050 9
3 246.000 3.000 0.000 0.120 0.050 9
1 249.000 3.000 0.000 0.000 0.000 0
2 250.000 1.000 0.116 0.000 0.019 15
1 253.000 3.000 0.000 0.000 0.000 0
2 254.000 1.000 0.082 0.085 0.028 2
3 257.000 3.000 0.082 0.085 0.028 2
1 260.000 3.000 0.000 0.000 0.000 0
2 261.000 1.000 -0.114 0.000 0.013 25
1 263.000 2.000 0.000 0.000 0.000 0
2 264.000 1.000 0.082 -0.085 0.028 6
3 266.000 2.000 0.082 -0.085 0.028 6
0 269.000 3.000 0.000 0.000 0.000 0
1 271.000 2.000 0.000 0.000 0.000 0
2 272.000 1.000 -0.082 0.085 0.072 3
3 274.000 2.000 -0.082 0.085 0.072 3
1 276.000 2.000 0.000 0.000 0.000 0
2 277.000 1.000 0.114 0.000 0.087 21
1 279.000 2.000 0.000 0.000 0.000 0
2 280.000 1.000 -0.000 -0.120 0.050 27
1 283.000 3.000 0.000 0.000 0.000 0
2 284.000 1.000 -0.082 0.085 0.072 3
3 287.000 3.000 -0.082 0.085 0.072 3
1 290.000 3.000 0.000 0.000 0.000 0
2 291.000 1.000 -0.082 -0.085 0.072 19
1 294.000 3.000 0.000 0.000 0.000 0
2 296.000 2.000 -0.000 -0.120 0.050 13
3 298.000 2.000 -0.000 -0.120 0.050 13
1 300.000 2.000 0.000 0.000 0.000 0
2 301.000 1.000 -0.081 -0.085 0.024 26
1 303.000 2.000 0.000 0.000 0.000 0
2 304.000 1.000 -0.081 -0.085 0.024 26
1 306.000 2.000 0.000 0.000 0.000 0
2 308.000 2.000 -0.082 0.085 0.072 17
1 310.000 2.000 0.000 0.000 0.000 0
2 312.000 2.000 -0.114 0.000 0.013 11
3 314.000 2.000 -0.114 0.000 0.013 11
0 317.000 3.000 0.000 0.000 0.000 0
1 320.000 3.000 0.000 0.000 0.000 0
2 322.000 2.000 -0.082 0.085 0.072 17
1 324.000 2.000 0.000 0.000 0.000 0
2 326.000 2.000 0.081 0.085 0.076 8
3 329.000 3.000 0.081 0.085 0.076 8
1 332.000 3.000 0.000 0.000 0.000 0
2 333.000 1.000 -0.081 -0.085 0.024 12
3 335.000 2.000 -0.081 -0.085 0.024 12
1 337.000 2.000 0.000 0.000 0.000 0
2 338.000 1.000 -0.116 0.000 0.081 18
1 341.000 3.000 0.000 0.000 0.000 0
2 342.000 1.000 0.081 0.085 0.076 8
3 344.000 2.000 0.081 0.085 0.076 8
1 346.000 2.000 0.000 0.000 0.000 0
2 347.000 1.000 -0.082 0.085 0.072 3
3 350.000 3.000 -0.082 0.085 0.072 3
1 353.000 3.000 0.000 0.000 0.000 0
2 355.000 2.000 -0.081 0.085 0.024 24
1 357.000 2.000 0.000 0.000 0.000 0
2 358.000 1.000 0.081 -0.085 0.076 28
1 360.000 2.000 0.000 0.000 0.000 0
2 362.000 2.000 0.081 -0.085 0.076 28
1 364.000 2.000 0.000 0.000 0.000 0
2 365.000 1.000 0.116 0.000 0.019 1
3 367.000 2.000 0.116 0.000 0.019 1
1 369.000 2.000 0.000 0.000 0.000 0
2 370.000 1.000 0.081 -0.085 0.076 14
3 372.000 2.000 0.081 -0.085 0.076 14
1 374.000 2.000 0.000 0.000 0.000 0
2 375.000 1.000 -0.081 -0.085 0.024 26
1 377.000 2.000 0.000 0.000 0.000 0
2 378.000 1.000 0.082 0.085 0.028 16
1 381.000 3.000 0.000 0.000 0.000 0
2 382.000 1.000 0.114 0.000 0.087 7
3 384.000 2.000 0.114 0.000 0.087 7
1 386.000 2.000 0.000 0.000 0.000 0
2 388.000 2.000 0.082 0.085 0.028 2
3 391.000 3.000 0.082 0.085 0.028 2
1 394.000 3.000 0.000 0.000 0.000 0
2 395.000 1.000 -0.114 0.000 0.013 25
0 398.000 3.000 0.000 0.000 0.000 0
1 400.000 2.000 0.000 0.000 0.000 0
2 401.000 1.000 0.000 0.120 0.050 23
1 404.000 3.000 0.000 0.000 0.000 0
2 406.000 2.000 0.000 0.120 0.050 23
1 408.000 2.000 0.000 0.000 0.000 0
2 409.000 1.000 -0.116 0.000 0.081 4
3 411.000 2.000 -0.116 0.000 0.081 4
1 413.000 2.000 0.000 0.000 0.000 0
2 414.000 1.000 0.116 0.000 0.019 1
3 417.000 3.000 0.116 0.000 0.019 1
1 419.000 2.000 0.000 0.000 0.000 0
2 420.000 1.000 0.081 0.085 0.076 22
0 424.000 4.000 0.000 0.000 0.000 0
