0 8.000 8.000 0.000 0.000 0.000 0
1 11.000 3.000 0.000 0.000 0.000 0
2 12.000 1.000 0.081 -0.085 0.076 14
3 14.000 2.000 0.081 -0.085 0.076 14
1 17.000 3.000 0.000 0.000 0.000 0
2 18.000 1.000 0.114 0.000 0.087 21
1 21.000 3.000 0.000 0.000 0.000 0
2 22.000 1.000 -0.114 0.000 0.013 25
1 24.000 2.000 0.000 0.000 0.000 0
2 25.000 1.000 -0.082 0.085 0.072 3
3 27.000 2.000 -0.082 0.085 0.072 3
1 29.000 2.000 0.000 0.000 0.000 0
2 30.000 1.000 0.082 0.085 0.028 2
3 32.000 2.000 0.082 0.085 0.028 2
1 34.000 2.000 0.000 0.000 0.000 0
2 36.000 2.000 -0.114 0.000 0.013 11
3 38.000 2.000 -0.114 0.000 0.013 11
1 40.000 2.000 0.000 0.000 0.000 0
2 42.000 2.000 -0.082 0.085 0.072 3
3 45.000 3.000 -0.082 0.085 0.072 3
1 48.000 3.000 0.000 0.000 0.000 0
2 49.000 1.000 -0.116 0.000 0.081 18
1 52.000 3.000 0.000 0.000 0.000 0
2 53.000 1.000 0.082 0.085 0.028 16
1 55.000 2.000 0.000 0.000 0.000 0
2 56.000 1.000 0.114 0.000 0.087 7
3 58.000 2.000 0.114 0.000 0.087 7
1 60.000 2.000 0.000 0.000 0.000 0
2 61.000 1.000 0.081 0.085 0.076 22
1 64.000 3.000 0.000 0.000 0.000 0
2 65.000 1.000 0.081 -0.085 0.076 28
1 67.000 2.000 0.000 0.000 0.000 0
2 68.000 1.000 0.081 0.085 0.076 22
1 70.000 2.000 0.000 0.000 0.000 0
2 71.000 1.000 0.082 -0.085 0.028 20
1 74.000 3.000 0.000 0.000 0.000 0
2 75.000 1.000 0.081 0.085 0.076 22
0 78.000 3.000 0.000 0.000 0.000 0
1 80.000 2.000 0.000 0.000 0.000 0
2 81.000 1.000 -0.114 0.000 0.013 11
3 83.000 2.000 -0.114 0.000 0.013 11
1 85.000 2.000 0.000 0.000 0.000 0
2 87.000 2.000 0.082 -0.085 0.028 20
1 89.000 2.000 0.000 0.000 0.000 0
2 90.000 1.000 -0.114 0.000 0.013 11
3 92.000 2.000 -0.114 0.000 0.013 11
1 95.000 3.000 0.000 0.000 0.000 0
2 97.000 2.000 0.114 0.000 0.087 7
3 100.000 3.000 0.114 0.000 0.087 7
1 102.000 2.000 0.000 0.000 0.000 0
2 103.000 1.000 0.081 -0.085 0.076 14
3 105.000 2.000 0.081 -0.085 0.076 14
1 107.000 2.000 0.000 0.000 0.000 0
2 108.000 1.000 -0.116 0.000 0.081 4
3 110.000 2.000 -0.116 0.000 0.081 4
1 112.000 2.000 0.000 0.000 0.000 0
2 113.000 1.000 0.116 0.000 0.019 1
3 115.000 2.000 0.116 0.000 0.019 1
1 118.000 3.000 0.000 0.000 0.000 0
2 119.000 1.000 -0.000 -0.120 0.050 27
1 122.000 3.000 0.000 0.000 0.000 0
2 123.000 1.000 -0.082 0.085 0.072 17
1 125.000 2.000 0.000 0.000 0.000 0
2 127.000 2.000 -0.082 0.085 0.072 3
3 130.000 3.000 -0.082 0.085 0.072 3
1 132.000 2.000 0.000 0.000 0.000 0
2 133.000 1.000 -0.082 0.085 0.072 17
1 135.000 2.000 0.000 0.000 0.000 0
2 137.000 2.000 -0.081 -0.085 0.024 26
1 139.000 2.000 0.000 0.000 0.000 0
2 140.000 1.000 -0.082 -0.085 0.072 5
3 142.000 2.000 -0.082 -0.085 0.072 5
1 144.000 2.000 0.000 0.000 0.000 0
2 145.000 1.000 -0.082 -0.085 0.072 5
3 147.000 2.000 -0.082 -0.085 0.072 5
1 149.000 2.000 0.000 0.000 0.000 0
2 150.000 1.000 -0.000 -0.120 0.050 13
3 153.000 3.000 -0.000 -0.120 0.050 13
1 155.000 2.000 0.000 0.000 0.000 0
2 156.000 1.000 0.000 0.120 0.050 9
3 158.000 2.000 0.000 0.120 0.050 9
1 160.000 2.000 0.000 0.000 0.000 0
2 161.000 1.000 -0.081 0.085 0.024 10
3 163.000 2.000 -0.081 0.085 0.024 10
1 165.000 2.000 0.000 0.000 0.000 0
2 167.000 2.000 0.081 0.085 0.076 8
3 170.000 3.000 0.081 0.085 0.076 8
0 173.000 3.000 0.000 0.000 0.000 0
1 175.000 2.000 0.000 0.000 0.000 0
2 176.000 1.000 -0.082 0.085 0.072 17
1 178.000 2.000 0.000 0.000 0.000 0
2 179.000 1.000 -0.116 0.000 0.081 18
1 181.000 2.000 0.000 0.000 0.000 0
2 183.000 2.000 -0.000 -0.120 0.050 13
3 185.000 2.000 -0.000 -0.120 0.050 13
1 187.000 2.000 0.000 0.000 0.000 0
2 188.000 1.000 0.116 0.000 0.019 1
3 190.000 2.000 0.116 0.000 0.019 1
1 192.000 2.000 0.000 0.000 0.000 0
2 193.000 1.000 0.114 0.000 0.087 21
1 195.000 2.000 0.000 0.000 0.000 0
2 196.000 1.000 -0.000 -0.120 0.050 27
1 199.000 3.000 0.000 0.000 0.000 0
2 201.000 2.000 0.081 0.085 0.076 8
3 203.000 2.000 0.081 0.085 0.076 8
1 205.000 2.000 0.000 0.000 0.000 0
2 207.000 2.000 0.000 0.120 0.050 23
1 209.000 2.000 0.000 0.000 0.000 0
2 210.000 1.000 -0.081 -0.085 0.024 12
3 212.000 2.000 -0.081 -0.085 0.024 12
1 214.000 2.000 0.000 0.000 0.000 0
2 215.000 1.000 -0.081 -0.085 0.024 26
1 217.000 2.000 0.000 0.000 0.000 0
2 218.000 1.000 -0.116 0.000 0.081 4
3 220.000 2.000 -0.116 0.000 0.081 4
1 223.000 3.000 0.000 0.000 0.000 0
2 224.000 1.000 0.082 0.085 0.028 16
1 226.000 2.000 0.000 0.000 0.000 0
2 227.000 1.000 -0.000 -0.120 0.050 27
1 230.000 3.000 0.000 0.000 0.000 0
2 232.000 2.000 0.114 0.000 0.087 7
3 235.000 3.000 0.114 0.000 0.087 7
1 238.000 3.000 0.000 0.000 0.000 0
2 239.000 1.000 -0.081 -0.085 0.024 12
3 242.000 3.000 -0.081 -0.085 0.024 12
1 244.000 2.000 0.000 0.000 0.000 0
2 246.000 2.000 -0.082 -0.085 0.072 5
3 249.000 3.000 -0.082 -0.085 0.072 5
1 251.000 2.000 0.000 0.000 0.000 0
2 253.000 2.000 0.000 0.120 0.050 23
1 255.000 2.000 0.000 0.000 0.000 0
2 256.000 1.000 -0.081 0.085 0.024 10
3 259.000 3.000 -0.081 0.085 0.024 10
1 262.000 3.000 0.000 0.000 0.000 0
2 264.000 2.000 -0.082 -0.085 0.072 19
1 267.000 3.000 0.000 0.000 0.000 0
2 269.000 2.000 -0.081 -0.085 0.024 26
1 271.000 2.000 0.000 0.000 0.000 0
2 272.000 1.000 -0.116 0.000 0.081 18
1 274.000 2.000 0.000 0.000 0.000 0
2 276.000 2.000 0.114 0.000 0.087 21
1 278.000 2.000 0.000 0.000 0.000 0
2 279.000 1.000 -0.114 0.000 0.013 25
1 281.000 2.000 0.000 0.000 0.000 0
2 283.000 2.000 -0.082 -0.085 0.072 19
1 285.000 2.000 0.000 0.000 0.000 0
2 286.000 1.000 0.082 -0.085 0.028 6
3 289.000 3.000 0.082 -0.085 0.028 6
1 292.000 3.000 0.000 0.000 0.000 0
2 293.000 1.000 0.081 -0.085 0.076 28
1 296.000 3.000 0.000 0.000 0.000 0
2 298.000 2.000 0.000 0.120 0.050 23
1 300.000 2.000 0.000 0.000 0.000 0
2 301.000 1.000 0.082 -0.085 0.028 6
3 304.000 3.000 0.082 -0.085 0.028 6
1 306.000 2.000 0.000 0.000 0.000 0
2 308.000 2.000 -0.114 0.000 0.013 25
1 310.000 2.000 0.000 0.000 0.000 0
2 312.000 2.000 0.081 -0.085 0.076 28
1 314.000 2.000 0.000 0.000 0.000 0
2 316.000 2.000 -0.081 0.085 0.024 24
1 318.000 2.000 0.000 0.000 0.000 0
2 319.000 1.000 0.000 0.120 0.050 9
3 321.000 2.000 0.000 0.120 0.050 9
0 324.000 3.000 0.000 0.000 0.000 0
1 326.000 2.000 0.000 0.000 0.000 0
2 327.000 1.000 0.000 0.120 0.050 9
3 329.000 2.000 0.000 0.120 0.050 9
1 331.000 2.000 0.000 0.000 0.000 0
2 332.000 1.000 0.116 0.000 0.019 1
3 334.000 2.000 0.116 0.000 0.019 1
1 337.000 3.000 0.000 0.000 0.000 0
2 338.000 1.000 0.082 0.085 0.028 2
3 340.000 2.000 0.082 0.085 0.028 2
1 342.000 2.000 0.000 0.000 0.000 0
2 343.000 1.000 -0.081 -0.085 0.024 12
3 345.000 2.000 -0.081 -0.085 0.024 12
1 347.000 2.000 0.000 0.000 0.000 0
2 349.000 2.000 -0.081 0.085 0.024 10
3 352.000 3.000 -0.081 0.085 0.024 10
1 354.000 2.000 0.000 0.000 0.000 0
2 355.000 1.000 -0.116 0.000 0.081 4
3 357.000 2.000 -0.116 0.000 0.081 4
1 360.000 3.000 0.000 0.000 0.000 0
2 362.000 2.000 0.082 0.085 0.028 2
3 364.000 2.000 0.082 0.085 0.028 2
1 367.000 3.000 0.000 0.000 0.000 0
2 369.000 2.000 -0.081 0.085 0.024 24
1 372.000 3.000 0.000 0.000 0.000 0
2 373.000 1.000 -0.081 0.085 0.024 24
1 376.000 3.000 0.000 0.000 0.000 0
2 377.000 1.000 0.116 0.000 0.019 15
1 379.000 2.000 0.000 0.000 0.000 0
2 380.000 1.000 0.081 0.085 0.076 8
3 383.000 3.000 0.081 0.085 0.076 8
1 385.000 2.000 0.000 0.000 0.000 0
2 387.000 2.000 0.081 -0.085 0.076 14
3 389.000 2.000 0.081 -0.085 0.076 14
1 392.000 3.000 0.000 0.000 0.000 0
2 393.000 1.000 0.082 -0.085 0.028 20
1 395.000 2.000 0.000 0.000 0.000 0
2 396.000 1.000 0.116 0.000 0.019 15
1 399.000 3.000 0.000 0.000 0.000 0
2 400.000 1.000 0.082 -0.085 0.028 6
3 402.000 2.000 0.082 -0.085 0.028 6
1 404.000 2.000 0.000 0.000 0.000 0
2 405.000 1.000 0.116 0.000 0.019 15
1 408.000 3.000 0.000 0.000 0.000 0
2 409.000 1.000 -0.082 -0.085 0.072 19
1 411.000 2.000 0.000 0.000 0.000 0
2 413.000 2.000 0.082 0.085 0.028 16
1 416.000 3.000 0.000 0.000 0.000 0
2 417.000 1.000 -0.000 -0.120 0.050 13
3 420.000 3.000 -0.000 -0.120 0.050 13
0 424.000 4.000 0.000 0.000 0.000 0
