0 8.000 8.000 0.000 0.000 0.000 0
1 11.000 3.000 0.000 0.000 0.000 0
2 12.000 1.000 -0.000 -0.120 0.050 27
1 14.000 2.000 0.000 0.000 0.000 0
2 15.000 1.000 0.116 0.000 0.019 15
1 17.000 2.000 0.000 0.000 0.000 0
2 19.000 2.000 0.081 -0.085 0.076 14
3 21.000 2.000 0.081 -0.085 0.076 14
1 23.000 2.000 0.000 0.000 0.000 0
2 25.000 2.000 0.000 0.120 0.050 9
3 27.000 2.000 0.000 0.120 0.050 9
1 30.000 3.000 0.000 0.000 0.000 0
2 32.000 2.000 0.116 0.000 0.019 1
3 34.000 2.000 0.116 0.000 0.019 1
1 37.000 3.000 0.000 0.000 0.000 0
2 38.000 1.000 0.082 0.085 0.028 16
1 40.000 2.000 0.000 0.000 0.000 0
2 41.000 1.000 0.082 0.085 0.028 16
1 43.000 2.000 0.000 0.000 0.000 0
2 44.000 1.000 0.082 0.085 0.028 2
3 46.000 2.000 0.082 0.085 0.028 2
1 49.000 3.000 0.000 0.000 0.000 0
2 50.000 1.000 0.082 -0.085 0.028 20
1 52.000 2.000 0.000 0.000 0.000 0
2 53.000 1.000 0.082 -0.085 0.028 20
0 56.000 3.000 0.000 0.000 0.000 0
1 59.000 3.000 0.000 0.000 0.000 0
2 60.000 1.000 -0.081 0.085 0.024 24
1 63.000 3.000 0.000 0.000 0.000 0
2 64.000 1.000 0.114 0.000 0.087 7
3 67.000 3.000 0.114 0.000 0.087 7
1 70.000 3.000 0.000 0.000 0.000 0
2 72.000 2.000 -0.114 0.000 0.013 25
1 74.000 2.000 0.000 0.000 0.000 0
2 75.000 1.000 0.081 0.085 0.076 8
3 78.000 3.000 0.081 0.085 0.076 8
1 80.000 2.000 0.000 0.000 0.000 0
2 81.000 1.000 -0.082 -0.085 0.072 5
3 83.000 2.000 -0.082 -0.085 0.072 5
1 85.000 2.000 0.000 0.000 0.000 0
2 86.000 1.000 -0.081 -0.085 0.024 12
3 88.000 2.000 -0.081 -0.085 0.024 12
1 90.000 2.000 0.000 0.000 0.000 0
2 91.000 1.000 -0.081 0.085 0.024 10
3 93.000 2.000 -0.081 0.085 0.024 10
1 96.000 3.000 0.000 0.000 0.000 0
2 97.000 1.000 0.000 0.120 0.050 9
3 99.000 2.000 0.000 0.120 0.050 9
1 101.000 2.000 0.000 0.000 0.000 0
2 102.000 1.000 -0.082 -0.085 0.072 5
3 104.000 2.000 -0.082 -0.085 0.072 5
1 106.000 2.000 0.000 0.000 0.000 0
2 107.000 1.000 -0.116 0.000 0.081 4
3 109.000 2.000 -0.116 0.000 0.081 4
1 112.000 3.000 0.000 0.000 0.000 0
2 113.000 1.000 -0.114 0.000 0.013 25
1 115.000 2.000 0.000 0.000 0.000 0
2 116.000 1.000 -0.081 -0.085 0.024 26
1 118.000 2.000 0.000 0.000 0.000 0
2 120.000 2.000 -0.116 0.000 0.081 18
1 122.000 2.000 0.000 0.000 0.000 0
2 123.000 1.000 -0.081 0.085 0.024 10
3 126.000 3.000 -0.081 0.085 0.024 10
1 128.000 2.000 0.000 0.000 0.000 0
2 130.000 2.000 0.081 0.085 0.076 8
3 133.000 3.000 0.081 0.085 0.076 8
1 135.000 2.000 0.000 0.000 0.000 0
2 137.000 2.000 -0.114 0.000 0.013 11
3 140.000 3.000 -0.114 0.000 0.013 11
1 142.000 2.000 0.000 0.000 0.000 0
2 143.000 1.000 -0.081 -0.085 0.024 12
3 145.000 2.000 -0.081 -0.085 0.024 12
1 147.000 2.000 0.000 0.000 0.000 0
2 148.000 1.000 0.114 0.000 0.087 21
1 150.000 2.000 0.000 0.000 0.000 0
2 151.000 1.000 -0.000 -0.120 0.050 13
3 153.000 2.000 -0.000 -0.120 0.050 13
1 155.000 2.000 0.000 0.000 0.000 0
2 156.000 1.000 -0.114 0.000 0.013 11
3 158.000 2.000 -0.114 0.000 0.013 11
1 160.000 2.000 0.000 0.000 0.000 0
2 161.000 1.000 0.116 0.000 0.019 15
1 163.000 2.000 0.000 0.000 0.000 0
2 164.000 1.000 -0.082 0.085 0.072 17
1 167.000 3.000 0.000 0.000 0.000 0
2 168.000 1.000 0.081 0.085 0.076 8
3 171.000 3.000 0.081 0.085 0.076 8
1 173.000 2.000 0.000 0.000 0.000 0
2 175.000 2.000 0.081 -0.085 0.076 28
1 177.000 2.000 0.000 0.000 0.000 0
2 178.000 1.000 0.116 0.000 0.019 15
1 180.000 2.000 0.000 0.000 0.000 0
2 182.000 2.000 -0.082 -0.085 0.072 19
1 184.000 2.000 0.000 0.000 0.000 0
2 185.000 1.000 0.114 0.000 0.087 7
3 187.000 2.000 0.114 0.000 0.087 7
1 189.000 2.000 0.000 0.000 0.000 0
2 190.000 1.000 -0.082 0.085 0.072 3
3 192.000 2.000 -0.082 0.085 0.072 3
1 194.000 2.000 0.000 0.000 0.000 0
2 196.000 2.000 -0.116 0.000 0.081 4
3 198.000 2.000 -0.116 0.000 0.081 4
1 201.000 3.000 0.000 0.000 0.000 0
2 203.000 2.000 0.081 -0.085 0.076 28
1 205.000 2.000 0.000 0.000 0.000 0
2 206.000 1.000 -0.081 0.085 0.024 24
1 208.000 2.000 0.000 0.000 0.000 0
2 209.000 1.000 0.082 0.085 0.028 2
3 212.000 3.000 0.082 0.085 0.028 2
1 214.000 2.000 0.000 0.000 0.000 0
2 216.000 2.000 -0.081 -0.085 0.024 26
1 219.000 3.000 0.000 0.000 0.000 0
2 220.000 1.000 -0.000 -0.120 0.050 13
3 222.000 2.000 -0.000 -0.120 0.050 13
1 224.000 2.000 0.000 0.000 0.000 0
2 225.000 1.000 0.082 -0.085 0.028 20
1 227.000 2.000 0.000 0.000 0.000 0
2 229.000 2.000 -0.116 0.000 0.081 4
3 231.000 2.000 -0.116 0.000 0.081 4
1 234.000 3.000 0.000 0.000 0.000 0
2 235.000 1.000 -0.116 0.000 0.081 18
1 238.000 3.000 0.000 0.000 0.000 0
2 240.000 2.000 0.081 0.085 0.076 22
0 243.000 3.000 0.000 0.000 0.000 0
0 246.000 3.000 0.000 0.000 0.000 0
1 249.000 3.000 0.000 0.000 0.000 0
2 251.000 2.000 0.116 0.000 0.019 1
3 253.000 2.000 0.116 0.000 0.019 1
1 255.000 2.000 0.000 0.000 0.000 0
2 256.000 1.000 0.000 0.120 0.050 9
3 258.000 2.000 0.000 0.120 0.050 9
1 260.000 2.000 0.000 0.000 0.000 0
2 261.000 1.000 0.081 0.085 0.076 22
1 264.000 3.000 0.000 0.000 0.000 0
2 265.000 1.000 0.081 -0.085 0.076 14
3 268.000 3.000 0.081 -0.085 0.076 14
1 270.000 2.000 0.000 0.000 0.000 0
2 271.000 1.000 -0.082 0.085 0.072 3
3 274.000 3.000 -0.082 0.085 0.072 3
1 277.000 3.000 0.000 0.000 0.000 0
2 279.000 2.000 0.081 -0.085 0.076 14
3 282.000 3.000 0.081 -0.085 0.076 14
1 285.000 3.000 0.000 0.000 0.000 0
2 286.000 1.000 0.114 0.000 0.087 21
1 289.000 3.000 0.000 0.000 0.000 0
2 291.000 2.000 -0.082 0.085 0.072 17
1 293.000 2.000 0.000 0.000 0.000 0
2 294.000 1.000 0.000 0.120 0.050 23
1 297.000 3.000 0.000 0.000 0.000 0
2 298.000 1.000 0.114 0.000 0.087 7
3 300.000 2.000 0.114 0.000 0.087 7
1 302.000 2.000 0.000 0.000 0.000 0
2 303.000 1.000 0.082 -0.085 0.028 6
3 305.000 2.000 0.082 -0.085 0.028 6
1 308.000 3.000 0.000 0.000 0.000 0
2 310.000 2.000 -0.116 0.000 0.081 18
1 312.000 2.000 0.000 0.000 0.000 0
2 313.000 1.000 -0.114 0.000 0.013 25
1 315.000 2.000 0.000 0.000 0.000 0
2 316.000 1.000 0.000 0.120 0.050 23
1 319.000 3.000 0.000 0.000 0.000 0
2 321.000 2.000 -0.114 0.000 0.013 11
3 323.000 2.000 -0.114 0.000 0.013 11
1 325.000 2.000 0.000 0.000 0.000 0
2 326.000 1.000 0.000 0.120 0.050 23
1 328.000 2.000 0.000 0.000 0.000 0
2 329.000 1.000 0.116 0.000 0.019 1
3 332.000 3.000 0.116 0.000 0.019 1
1 334.000 2.000 0.000 0.000 0.000 0
2 335.000 1.000 0.081 0.085 0.076 22
1 338.000 3.000 0.000 0.000 0.000 0
2 340.000 2.000 0.082 0.085 0.028 16
1 342.000 2.000 0.000 0.000 0.000 0
2 343.000 1.000 0.082 -0.085 0.028 6
3 345.000 2.000 0.082 -0.085 0.028 6
1 347.000 2.000 0.000 0.000 0.000 0
2 349.000 2.000 -0.081 0.085 0.024 10
3 351.000 2.000 -0.081 0.085 0.024 10
1 353.000 2.000 0.000 0.000 0.000 0
2 354.000 1.000 -0.000 -0.120 0.050 27
1 357.000 3.000 0.000 0.000 0.000 0
2 359.000 2.000 -0.082 0.085 0.072 3
3 361.000 2.000 -0.082 0.085 0.072 3
1 364.000 3.000 0.000 0.000 0.000 0
2 366.000 2.000 -0.081 -0.085 0.024 12
3 369.000 3.000 -0.081 -0.085 0.024 12
1 371.000 2.000 0.000 0.000 0.000 0
2 373.000 2.000 0.082 -0.085 0.028 6
3 375.000 2.000 0.082 -0.085 0.028 6
1 378.000 3.000 0.000 0.000 0.000 0
2 379.000 1.000 0.114 0.000 0.087 21
1 381.000 2.000 0.000 0.000 0.000 0
2 382.000 1.000 -0.082 -0.085 0.072 5
3 384.000 2.000 -0.082 -0.085 0.072 5
1 386.000 2.000 0.000 0.000 0.000 0
2 387.000 1.000 -0.082 -0.085 0.072 19
1 389.000 2.000 0.000 0.000 0.000 0
2 390.000 1.000 0.081 -0.085 0.076 28
1 393.000 3.000 0.000 0.000 0.000 0
2 394.000 1.000 -0.082 0.085 0.072 17
1 396.000 2.000 0.000 0.000 0.000 0
2 398.000 2.000 0.082 0.085 0.028 2
3 401.000 3.000 0.082 0.085 0.028 2
1 403.000 2.000 0.000 0.000 0.000 0
2 405.000 2.000 -0.081 -0.085 0.024 26
1 408.000 3.000 0.000 0.000 0.000 0
2 409.000 1.000 -0.000 -0.120 0.050 13
3 411.000 2.000 -0.000 -0.120 0.050 13
1 414.000 3.000 0.000 0.000 0.000 0
2 415.000 1.000 -0.082 -0.085 0.072 19
1 417.000 2.000 0.000 0.000 0.000 0
2 418.000 1.000 -0.081 0.085 0.024 24
1 420.000 2.000 0.000 0.000 0.000 0
2 421.000 1.000 -0.000 -0.120 0.050 27
0 424.000 3.000 0.000 0.000 0.000 0
