0 8.000 8.000 0.000 0.000 0.000 0
1 10.000 2.000 0.000 0.000 0.000 0
2 11.000 1.000 -0.000 -0.120 0.050 27
1 13.000 2.000 0.000 0.000 0.000 0
2 14.000 1.000 0.081 -0.085 0.076 14
3 16.000 2.000 0.081 -0.085 0.076 14
1 19.000 3.000 0.000 0.000 0.000 0
2 21.000 2.000 0.116 0.000 0.019 1
3 23.000 2.000 0.116 0.000 0.019 1
1 25.000 2.000 0.000 0.000 0.000 0
2 26.000 1.000 0.116 0.000 0.019 15
1 28.000 2.000 0.000 0.000 0.000 0
2 29.000 1.000 0.081 -0.085 0.076 28
1 31.000 2.000 0.000 0.000 0.000 0
2 32.000 1.000 0.082 0.085 0.028 16
1 34.000 2.000 0.000 0.000 0.000 0
2 35.000 1.000 -0.081 -0.085 0.024 26
1 38.000 3.000 0.000 0.000 0.000 0
2 40.000 2.000 -0.116 0.000 0.081 4
3 43.000 3.000 -0.116 0.000 0.081 4
1 45.000 2.000 0.000 0.000 0.000 0
2 46.000 1.000 -0.081 -0.085 0.024 12
3 48.000 2.000 -0.081 -0.085 0.024 12
1 51.000 3.000 0.000 0.000 0.000 0
2 52.000 1.000 0.081 -0.085 0.076 14
3 55.000 3.000 0.081 -0.085 0.076 14
1 57.000 2.000 0.000 0.000 0.000 0
2 59.000 2.000 0.000 0.120 0.050 23
1 62.000 3.000 0.000 0.000 0.000 0
2 63.000 1.000 0.000 0.120 0.050 9
3 65.000 2.000 0.000 0.120 0.050 9
1 67.000 2.000 0.000 0.000 0.000 0
2 68.000 1.000 -0.114 0.000 0.013 25
1 71.000 3.000 0.000 0.000 0.000 0
2 72.000 1.000 -0.114 0.000 0.013 25
1 74.000 2.000 0.000 0.000 0.000 0
2 75.000 1.000 0.081 0.085 0.076 8
3 77.000 2.000 0.081 0.085 0.076 8
1 79.000 2.000 0.000 0.000 0.000 0
2 80.000 1.000 -0.000 -0.120 0.050 27
1 82.000 2.000 0.000 0.000 0.000 0
2 84.000 2.000 -0.082 0.085 0.072 17
1 86.000 2.000 0.000 0.000 0.000 0
2 87.000 1.000 -0.081 0.085 0.024 10
3 89.000 2.000 -0.081 0.085 0.024 10
1 92.000 3.000 0.000 0.000 0.000 0
2 93.000 1.000 -0.081 -0.085 0.024 12
3 95.000 2.000 -0.081 -0.085 0.024 12
1 97.000 2.000 0.000 0.000 0.000 0
2 98.000 1.000 0.081 0.085 0.076 8
3 100.000 2.000 0.081 0.085 0.076 8
1 102.000 2.000 0.000 0.000 0.000 0
2 103.000 1.000 -0.114 0.000 0.013 25
1 105.000 2.000 0.000 0.000 0.000 0
2 106.000 1.000 0.000 0.120 0.050 23
1 108.000 2.000 0.000 0.000 0.000 0
2 109.000 1.000 0.114 0.000 0.087 7
3 111.000 2.000 0.114 0.000 0.087 7
1 113.000 2.000 0.000 0.000 0.000 0
2 114.000 1.000 0.000 0.120 0.050 9
3 117.000 3.000 0.000 0.120 0.050 9
1 119.000 2.000 0.000 0.000 0.000 0
2 121.000 2.000 -0.082 0.085 0.072 3
3 123.000 2.000 -0.082 0.085 0.072 3
1 125.000 2.000 0.000 0.000 0.000 0
2 127.000 2.000 -0.000 -0.120 0.050 13
3 129.000 2.000 -0.000 -0.120 0.050 13
1 132.000 3.000 0.000 0.000 0.000 0
2 133.000 1.000 0.116 0.000 0.019 15
1 135.000 2.000 0.000 0.000 0.000 0
2 136.000 1.000 -0.082 -0.085 0.072 19
1 138.000 2.000 0.000 0.000 0.000 0
2 139.000 1.000 0.114 0.000 0.087 7
3 142.000 3.000 0.114 0.000 0.087 7
1 144.000 2.000 0.000 0.000 0.000 0
2 145.000 1.000 -0.116 0.000 0.081 4
3 148.000 3.000 -0.116 0.000 0.081 4
1 151.000 3.000 0.000 0.000 0.000 0
2 153.000 2.000 0.082 0.085 0.028 16
1 155.000 2.000 0.000 0.000 0.000 0
2 157.000 2.000 0.081 0.085 0.076 22
1 159.000 2.000 0.000 0.000 0.000 0
2 160.000 1.000 0.114 0.000 0.087 21
1 162.000 2.000 0.000 0.000 0.000 0
2 163.000 1.000 0.081 0.085 0.076 8
3 165.000 2.000 0.081 0.085 0.076 8
1 167.000 2.000 0.000 0.000 0.000 0
2 168.000 1.000 0.081 0.085 0.076 22
1 170.000 2.000 0.000 0.000 0.000 0
2 172.000 2.000 0.000 0.120 0.050 23
1 174.000 2.000 0.000 0.000 0.000 0
2 175.000 1.000 0.082 0.085 0.028 16
1 177.000 2.000 0.000 0.000 0.000 0
2 178.000 1.000 -0.081 0.085 0.024 10
3 181.000 3.000 -0.081 0.085 0.024 10
1 183.000 2.000 0.000 0.000 0.000 0
2 184.000 1.000 -0.114 0.000 0.013 11
3 187.000 3.000 -0.114 0.000 0.013 11
1 190.000 3.000 0.000 0.000 0.000 0
2 191.000 1.000 -0.116 0.000 0.081 18
1 193.000 2.000 0.000 0.000 0.000 0
2 194.000 1.000 0.116 0.000 0.019 15
1 196.000 2.000 0.000 0.000 0.000 0
2 197.000 1.000 -0.082 -0.085 0.072 5
3 200.000 3.000 -0.082 -0.085 0.072 5
1 202.000 2.000 0.000 0.000 0.000 0
2 203.000 1.000 0.114 0.000 0.087 21
1 206.000 3.000 0.000 0.000 0.000 0
2 207.000 1.000 -0.082 -0.085 0.072 5
3 209.000 2.000 -0.082 -0.085 0.072 5
1 212.000 3.000 0.000 0.000 0.000 0
2 213.000 1.000 0.081 -0.085 0.076 28
1 215.000 2.000 0.000 0.000 0.000 0
2 217.000 2.000 -0.114 0.000 0.013 11
3 219.000 2.000 -0.114 0.000 0.013 11
1 221.000 2.000 0.000 0.000 0.000 0
2 223.000 2.000 0.082 -0.085 0.028 20
1 225.000 2.000 0.000 0.000 0.000 0
2 227.000 2.000 -0.081 0.085 0.024 10
3 229.000 2.000 -0.081 0.085 0.024 10
1 231.000 2.000 0.000 0.000 0.000 0
2 233.000 2.000 -0.081 -0.085 0.024 26
1 235.000 2.000 0.000 0.000 0.000 0
2 236.000 1.000 0.082 0.085 0.028 2
3 239.000 3.000 0.082 0.085 0.028 2
1 241.000 2.000 0.000 0.000 0.000 0
2 242.000 1.000 -0.082 -0.085 0.072 5
3 244.000 2.000 -0.082 -0.085 0.072 5
1 246.000 2.000 0.000 0.000 0.000 0
2 247.000 1.000 0.082 -0.085 0.028 6
3 250.000 3.000 0.082 -0.085 0.028 6
1 253.000 3.000 0.000 0.000 0.000 0
2 255.000 2.000 0.114 0.000 0.087 7
3 257.000 2.000 0.114 0.000 0.087 7
1 259.000 2.000 0.000 0.000 0.000 0
2 261.000 2.000 0.114 0.000 0.087 21
1 263.000 2.000 0.000 0.000 0.000 0
2 264.000 1.000 0.116 0.000 0.019 1
3 267.000 3.000 0.116 0.000 0.019 1
0 270.000 3.000 0.000 0.000 0.000 0
1 273.000 3.000 0.000 0.000 0.000 0
2 274.000 1.000 -0.116 0.000 0.081 18
1 276.000 2.000 0.000 0.000 0.000 0
2 278.000 2.000 -0.081 0.085 0.024 24
1 281.000 3.000 0.000 0.000 0.000 0
2 283.000 2.000 -0.082 0.085 0.072 17
1 285.000 2.000 0.000 0.000 0.000 0
2 286.000 1.000 0.082 -0.085 0.028 6
3 288.000 2.000 0.082 -0.085 0.028 6
1 290.000 2.000 0.000 0.000 0.000 0
2 291.000 1.000 -0.116 0.000 0.081 4
3 293.000 2.000 -0.116 0.000 0.081 4
1 295.000 2.000 0.000 0.000 0.000 0
2 296.000 1.000 -0.082 0.085 0.072 3
3 298.000 2.000 -0.082 0.085 0.072 3
1 300.000 2.000 0.000 0.000 0.000 0
2 302.000 2.000 0.082 0.085 0.028 2
3 304.000 2.000 0.082 0.085 0.028 2
1 307.000 3.000 0.000 0.000 0.000 0
2 308.000 1.000 0.000 0.120 0.050 9
3 311.000 3.000 0.000 0.120 0.050 9
1 314.000 3.000 0.000 0.000 0.000 0
2 315.000 1.000 0.082 -0.085 0.028 20
1 317.000 2.000 0.000 0.000 0.000 0
2 319.000 2.000 -0.082 0.085 0.072 17
1 322.000 3.000 0.000 0.000 0.000 0
2 324.000 2.000 0.082 -0.085 0.028 20
1 326.000 2.000 0.000 0.000 0.000 0
2 327.000 1.000 -0.000 -0.120 0.050 13
3 330.000 3.000 -0.000 -0.120 0.050 13
1 332.000 2.000 0.000 0.000 0.000 0
2 334.000 2.000 -0.082 0.085 0.072 3
3 336.000 2.000 -0.082 0.085 0.072 3
0 339.000 3.000 0.000 0.000 0.000 0
1 342.000 3.000 0.000 0.000 0.000 0
2 344.000 2.000 0.081 -0.085 0.076 14
3 346.000 2.000 0.081 -0.085 0.076 14
0 349.000 3.000 0.000 0.000 0.000 0
1 351.000 2.000 0.000 0.000 0.000 0
2 352.000 1.000 0.082 -0.085 0.028 6
3 354.000 2.000 0.082 -0.085 0.028 6
1 356.000 2.000 0.000 0.000 0.000 0
2 357.000 1.000 0.082 0.085 0.028 2
3 359.000 2.000 0.082 0.085 0.028 2
1 361.000 2.000 0.000 0.000 0.000 0
2 363.000 2.000 -0.081 -0.085 0.024 26
1 366.000 3.000 0.000 0.000 0.000 0
2 368.000 2.000 -0.081 0.085 0.024 24
1 370.000 2.000 0.000 0.000 0.000 0
2 372.000 2.000 -0.000 -0.120 0.050 13
3 374.000 2.000 -0.000 -0.120 0.050 13
1 376.000 2.000 0.000 0.000 0.000 0
2 377.000 1.000 0.081 -0.085 0.076 28
1 379.000 2.000 0.000 0.000 0.000 0
2 381.000 2.000 -0.082 -0.085 0.072 19
1 383.000 2.000 0.000 0.000 0.000 0
2 384.000 1.000 0.081 0.085 0.076 22
1 387.000 3.000 0.000 0.000 0.000 0
2 389.000 2.000 -0.081 -0.085 0.024 12
3 391.000 2.000 -0.081 -0.085 0.024 12
1 394.000 3.000 0.000 0.000 0.000 0
2 396.000 2.000 -0.081 0.085 0.024 24
1 398.000 2.000 0.000 0.000 0.000 0
2 399.000 1.000 -0.082 -0.085 0.072 19
1 401.000 2.000 0.000 0.000 0.000 0
2 403.000 2.000 -0.114 0.000 0.013 11
3 405.000 2.000 -0.114 0.000 0.013 11
1 408.000 3.000 0.000 0.000 0.000 0
2 409.000 1.000 0.116 0.000 0.019 1
3 412.000 3.000 0.116 0.000 0.019 1
1 415.000 3.000 0.000 0.000 0.000 0
2 417.000 2.000 -0.116 0.000 0.081 18
1 420.000 3.000 0.000 0.000 0.000 0
2 421.000 1.000 -0.000 -0.120 0.050 27
0 424.000 3.000 0.000 0.000 0.000 0
