0 8.000 8.000 0.000 0.000 0.000 0
1 11.000 3.000 0.000 0.000 0.000 0
2 12.000 1.000 0.081 0.085 0.076 8
3 14.000 2.000 0.081 0.085 0.076 8
1 17.000 3.000 0.000 0.000 0.000 0
2 18.000 1.000 -0.082 0.085 0.072 17
1 20.000 2.000 0.000 0.000 0.000 0
2 21.000 1.000 -0.081 -0.085 0.024 12
3 23.000 2.000 -0.081 -0.085 0.024 12
1 25.000 2.000 0.000 0.000 0.000 0
2 27.000 2.000 0.081 -0.085 0.076 28
1 29.000 2.000 0.000 0.000 0.000 0
2 30.000 1.000 -0.081 -0.085 0.024 12
3 32.000 2.000 -0.081 -0.085 0.024 12
1 34.000 2.000 0.000 0.000 0.000 0
2 35.000 1.000 0.081 -0.085 0.076 14
3 37.000 2.000 0.081 -0.085 0.076 14
1 40.000 3.000 0.000 0.000 0.000 0
2 42.000 2.000 -0.081 -0.085 0.024 26
1 44.000 2.000 0.000 0.000 0.000 0
2 46.000 2.000 -0.081 -0.085 0.024 12
3 48.000 2.000 -0.081 -0.085 0.024 12
1 50.000 2.000 0.000 0.000 0.000 0
2 52.000 2.000 -0.081 0.085 0.024 24
1 54.000 2.000 0.000 0.000 0.000 0
2 55.000 1.000 0.081 0.085 0.076 8
3 57.000 2.000 0.081 0.085 0.076 8
1 60.000 3.000 0.000 0.000 0.000 0
2 61.000 1.000 0.116 0.000 0.019 1
3 63.000 2.000 0.116 0.000 0.019 1
1 66.000 3.000 0.000 0.000 0.000 0
2 67.000 1.000 -0.116 0.000 0.081 4
3 69.000 2.000 -0.116 0.000 0.081 4
1 72.000 3.000 0.000 0.000 0.000 0
2 73.000 1.000 -0.114 0.000 0.013 25
1 75.000 2.000 0.000 0.000 0.000 0
2 76.000 1.000 -0.116 0.000 0.081 18
1 79.000 3.000 0.000 0.000 0.000 0
2 81.000 2.000 -0.000 -0.120 0.050 27
1 83.000 2.000 0.000 0.000 0.000 0
2 84.000 1.000 -0.114 0.000 0.013 25
1 86.000 2.000 0.000 0.000 0.000 0
2 87.000 1.000 0.081 0.085 0.076 22
1 89.000 2.000 0.000 0.000 0.000 0
2 90.000 1.000 -0.000 -0.120 0.050 27
1 93.000 3.000 0.000 0.000 0.000 0
2 94.000 1.000 0.114 0.000 0.087 21
1 96.000 2.000 0.000 0.000 0.000 0
2 97.000 1.000 0.082 -0.085 0.028 20
1 100.000 3.000 0.000 0.000 0.000 0
2 101.000 1.000 0.000 0.120 0.050 23
1 103.000 2.000 0.000 0.000 0.000 0
2 105.000 2.000 0.116 0.000 0.019 1
3 107.000 2.000 0.116 0.000 0.019 1
1 109.000 2.000 0.000 0.000 0.000 0
2 110.000 1.000 -0.000 -0.120 0.050 13
3 113.000 3.000 -0.000 -0.120 0.050 13
1 115.000 2.000 0.000 0.000 0.000 0
2 116.000 1.000 -0.082 -0.085 0.072 5
3 118.000 2.000 -0.082 -0.085 0.072 5
1 120.000 2.000 0.000 0.000 0.000 0
2 121.000 1.000 0.116 0.000 0.019 15
1 123.000 2.000 0.000 0.000 0.000 0
2 124.000 1.000 0.114 0.000 0.087 7
3 126.000 2.000 0.114 0.000 0.087 7
1 128.000 2.000 0.000 0.000 0.000 0
2 129.000 1.000 -0.081 0.085 0.024 24
1 132.000 3.000 0.000 0.000 0.000 0
2 133.000 1.000 0.000 0.120 0.050 23
1 136.000 3.000 0.000 0.000 0.000 0
2 138.000 2.000 -0.081 -0.085 0.024 26
1 140.000 2.000 0.000 0.000 0.000 0
2 142.000 2.000 0.000 0.120 0.050 23
1 144.000 2.000 0.000 0.000 0.000 0
2 145.000 1.000 0.082 0.085 0.028 16
1 148.000 3.000 0.000 0.000 0.000 0
2 150.000 2.000 -0.114 0.000 0.013 25
1 152.000 2.000 0.000 0.000 0.000 0
2 153.000 1.000 -0.000 -0.120 0.050 13
3 155.000 2.000 -0.000 -0.120 0.050 13
1 158.000 3.000 0.000 0.000 0.000 0
2 159.000 1.000 0.000 0.120 0.050 9
3 161.000 2.000 0.000 0.120 0.050 9
1 163.000 2.000 0.000 0.000 0.000 0
2 165.000 2.000 0.114 0.000 0.087 7
3 167.000 2.000 0.114 0.000 0.087 7
1 170.000 3.000 0.000 0.000 0.000 0
2 171.000 1.000 -0.082 0.085 0.072 17
1 174.000 3.000 0.000 0.000 0.000 0
2 175.000 1.000 -0.082 -0.085 0.072 19
1 177.000 2.000 0.000 0.000 0.000 0
2 179.000 2.000 -0.082 0.085 0.072 3
3 181.000 2.000 -0.082 0.085 0.072 3
1 183.000 2.000 0.000 0.000 0.000 0
2 185.000 2.000 -0.081 -0.085 0.024 26
1 187.000 2.000 0.000 0.000 0.000 0
2 188.000 1.000 0.116 0.000 0.019 15
1 190.000 2.000 0.000 0.000 0.000 0
2 191.000 1.000 -0.082 -0.085 0.072 5
3 194.000 3.000 -0.082 -0.085 0.072 5
1 197.000 3.000 0.000 0.000 0.000 0
2 198.000 1.000 -0.082 -0.085 0.072 19
1 200.000 2.000 0.000 0.000 0.000 0
2 201.000 1.000 0.116 0.000 0.019 1
3 204.000 3.000 0.116 0.000 0.019 1
1 206.000 2.000 0.000 0.000 0.000 0
2 207.000 1.000 0.082 0.085 0.028 2
3 209.000 2.000 0.082 0.085 0.028 2
1 212.000 3.000 0.000 0.000 0.000 0
2 213.000 1.000 -0.082 0.085 0.072 3
3 216.000 3.000 -0.082 0.085 0.072 3
1 218.000 2.000 0.000 0.000 0.000 0
2 219.000 1.000 -0.081 0.085 0.024 10
3 221.000 2.000 -0.081 0.085 0.024 10
1 223.000 2.000 0.000 0.000 0.000 0
2 224.000 1.000 0.082 -0.085 0.028 20
1 226.000 2.000 0.000 0.000 0.000 0
2 227.000 1.000 0.114 0.000 0.087 7
3 229.000 2.000 0.114 0.000 0.087 7
0 232.000 3.000 0.000 0.000 0.000 0
1 235.000 3.000 0.000 0.000 0.000 0
2 236.000 1.000 -0.116 0.000 0.081 18
1 238.000 2.000 0.000 0.000 0.000 0
2 239.000 1.000 -0.081 0.085 0.024 24
1 242.000 3.000 0.000 0.000 0.000 0
2 243.000 1.000 0.081 0.085 0.076 22
1 246.000 3.000 0.000 0.000 0.000 0
2 247.000 1.000 0.081 -0.085 0.076 28
1 250.000 3.000 0.000 0.000 0.000 0
2 252.000 2.000 -0.114 0.000 0.013 11
3 254.000 2.000 -0.114 0.000 0.013 11
1 256.000 2.000 0.000 0.000 0.000 0
2 257.000 1.000 -0.082 0.085 0.072 3
3 259.000 2.000 -0.082 0.085 0.072 3
1 261.000 2.000 0.000 0.000 0.000 0
2 263.000 2.000 -0.081 0.085 0.024 10
3 265.000 2.000 -0.081 0.085 0.024 10
1 268.000 3.000 0.000 0.000 0.000 0
2 269.000 1.000 0.000 0.120 0.050 9
3 271.000 2.000 0.000 0.120 0.050 9
1 274.000 3.000 0.000 0.000 0.000 0
2 276.000 2.000 0.081 0.085 0.076 8
3 279.000 3.000 0.081 0.085 0.076 8
1 281.000 2.000 0.000 0.000 0.000 0
2 282.000 1.000 0.082 0.085 0.028 16
1 284.000 2.000 0.000 0.000 0.000 0
2 286.000 2.000 -0.000 -0.120 0.050 13
3 288.000 2.000 -0.000 -0.120 0.050 13
1 290.000 2.000 0.000 0.000 0.000 0
2 292.000 2.000 -0.114 0.000 0.013 11
3 295.000 3.000 -0.114 0.000 0.013 11
1 297.000 2.000 0.000 0.000 0.000 0
2 298.000 1.000 0.116 0.000 0.019 15
1 301.000 3.000 0.000 0.000 0.000 0
2 302.000 1.000 -0.116 0.000 0.081 4
3 304.000 2.000 -0.116 0.000 0.081 4
1 306.000 2.000 0.000 0.000 0.000 0
2 308.000 2.000 -0.114 0.000 0.013 11
3 310.000 2.000 -0.114 0.000 0.013 11
1 313.000 3.000 0.000 0.000 0.000 0
2 314.000 1.000 -0.116 0.000 0.081 18
1 316.000 2.000 0.000 0.000 0.000 0
2 317.000 1.000 -0.082 -0.085 0.072 19
1 320.000 3.000 0.000 0.000 0.000 0
2 322.000 2.000 0.082 -0.085 0.028 6
3 324.000 2.000 0.082 -0.085 0.028 6
1 327.000 3.000 0.000 0.000 0.000 0
2 329.000 2.000 -0.000 -0.120 0.050 27
1 332.000 3.000 0.000 0.000 0.000 0
2 333.000 1.000 0.082 -0.085 0.028 6
3 336.000 3.000 0.082 -0.085 0.028 6
0 339.000 3.000 0.000 0.000 0.000 0
0 342.000 3.000 0.000 0.000 0.000 0
1 345.000 3.000 0.000 0.000 0.000 0
2 346.000 1.000 0.082 -0.085 0.028 20
1 348.000 2.000 0.000 0.000 0.000 0
2 349.000 1.000 0.081 -0.085 0.076 14
3 352.000 3.000 0.081 -0.085 0.076 14
1 354.000 2.000 0.000 0.000 0.000 0
2 356.000 2.000 -0.082 -0.085 0.072 5
3 358.000 2.000 -0.082 -0.085 0.072 5
1 360.000 2.000 0.000 0.000 0.000 0
2 361.000 1.000 -0.116 0.000 0.081 4
3 363.000 2.000 -0.116 0.000 0.081 4
1 365.000 2.000 0.000 0.000 0.000 0
2 366.000 1.000 0.114 0.000 0.087 21
1 368.000 2.000 0.000 0.000 0.000 0
2 369.000 1.000 0.114 0.000 0.087 21
1 371.000 2.000 0.000 0.000 0.000 0
2 372.000 1.000 -0.081 0.085 0.024 10
3 375.000 3.000 -0.081 0.085 0.024 10
1 377.000 2.000 0.000 0.000 0.000 0
2 378.000 1.000 -0.082 0.085 0.072 17
1 381.000 3.000 0.000 0.000 0.000 0
2 382.000 1.000 0.082 0.085 0.028 2
3 385.000 3.000 0.082 0.085 0.028 2
1 387.000 2.000 0.000 0.000 0.000 0
2 388.000 1.000 0.081 0.085 0.076 22
1 391.000 3.000 0.000 0.000 0.000 0
2 393.000 2.000 0.082 0.085 0.028 16
1 395.000 2.000 0.000 0.000 0.000 0
2 397.000 2.000 0.082 -0.085 0.028 6
3 400.000 3.000 0.082 -0.085 0.028 6
1 403.000 3.000 0.000 0.000 0.000 0
2 404.000 1.000 0.081 -0.085 0.076 14
3 406.000 2.000 0.081 -0.085 0.076 14
1 409.000 3.000 0.000 0.000 0.000 0
2 411.000 2.000 0.081 -0.085 0.076 28
1 413.000 2.000 0.000 0.000 0.000 0
2 414.000 1.000 0.082 0.085 0.028 2
3 416.000 2.000 0.082 0.085 0.028 2
1 418.000 2.000 0.000 0.000 0.000 0
2 419.000 1.000 0.000 0.120 0.050 9
3 421.000 2.000 0.000 0.120 0.050 9
0 424.000 3.000 0.000 0.000 0.000 0
