0 5.000 5.00 0.00 0.00 0.00
1 9.489 4.49 0.00 0.00 0.00
2 11.489 2.00 0.10 0.10 0.05
3 15.489 4.00 0.10 0.10 0.05
1 19.929 4.44 0.00 0.00 0.00
2 21.929 2.00 0.10 -0.10 0.05
3 25.929 4.00 0.10 -0.10 0.05
1 28.282 2.35 0.00 0.00 0.00
2 30.282 2.00 -0.10 0.10 0.05
3 34.282 4.00 -0.10 0.10 0.05
1 39.178 4.90 0.00 0.00 0.00
2 41.178 2.00 -0.10 0.10 0.05
3 45.178 4.00 -0.10 0.10 0.05
0 48.178 3.00 0.00 0.00 0.00
1 52.997 4.82 0.00 0.00 0.00
2 54.997 2.00 0.10 -0.10 0.05
3 58.997 4.00 0.10 -0.10 0.05
1 63.952 4.95 0.00 0.00 0.00
2 65.952 2.00 -0.10 0.10 0.05
3 69.952 4.00 -0.10 0.10 0.05
0 72.952 3.00 0.00 0.00 0.00
1 74.583 1.63 0.00 0.00 0.00
2 76.583 2.00 0.10 0.10 0.05
3 80.583 4.00 0.10 0.10 0.05
1 81.595 1.01 0.00 0.00 0.00
2 83.595 2.00 -0.10 -0.10 0.05
3 87.595 4.00 -0.10 -0.10 0.05
1 89.587 1.99 0.00 0.00 0.00
2 91.587 2.00 -0.10 0.10 0.05
3 95.587 4.00 -0.10 0.10 0.05
1 97.972 2.39 0.00 0.00 0.00
2 99.972 2.00 -0.10 0.10 0.05
3 103.972 4.00 -0.10 0.10 0.05
0 106.972 3.00 0.00 0.00 0.00
1 108.906 1.93 0.00 0.00 0.00
2 110.906 2.00 -0.10 0.10 0.05
3 114.906 4.00 -0.10 0.10 0.05
1 118.929 4.02 0.00 0.00 0.00
2 120.929 2.00 -0.10 -0.10 0.05
3 124.929 4.00 -0.10 -0.10 0.05
1 126.833 1.90 0.00 0.00 0.00
2 128.833 2.00 0.10 0.10 0.05
3 132.833 4.00 0.10 0.10 0.05
1 135.627 2.79 0.00 0.00 0.00
2 137.627 2.00 -0.10 0.10 0.05
3 141.627 4.00 -0.10 0.10 0.05
0 144.627 3.00 0.00 0.00 0.00
1 146.665 2.04 0.00 0.00 0.00
2 148.665 2.00 -0.10 0.10 0.05
3 152.665 4.00 -0.10 0.10 0.05
1 155.048 2.38 0.00 0.00 0.00
2 157.048 2.00 -0.10 -0.10 0.05
3 161.048 4.00 -0.10 -0.10 0.05
1 165.660 4.61 0.00 0.00 0.00
2 167.660 2.00 -0.10 -0.10 0.05
3 171.660 4.00 -0.10 -0.10 0.05
1 172.710 1.05 0.00 0.00 0.00
2 174.710 2.00 -0.10 -0.10 0.05
3 178.710 4.00 -0.10 -0.10 0.05
1 180.239 1.53 0.00 0.00 0.00
2 182.239 2.00 -0.10 -0.10 0.05
3 186.239 4.00 -0.10 -0.10 0.05
1 188.792 2.55 0.00 0.00 0.00
2 190.792 2.00 0.10 -0.10 0.05
3 194.792 4.00 0.10 -0.10 0.05
0 197.792 3.00 0.00 0.00 0.00
1 202.154 4.36 0.00 0.00 0.00
2 204.154 2.00 0.10 0.10 0.05
3 208.154 4.00 0.10 0.10 0.05
1 210.007 1.85 0.00 0.00 0.00
2 212.007 2.00 0.10 0.10 0.05
3 216.007 4.00 0.10 0.10 0.05
1 220.748 4.74 0.00 0.00 0.00
2 222.748 2.00 0.10 0.10 0.05
3 226.748 4.00 0.10 0.10 0.05
1 231.627 4.88 0.00 0.00 0.00
2 233.627 2.00 -0.10 -0.10 0.05
3 237.627 4.00 -0.10 -0.10 0.05
1 240.128 2.50 0.00 0.00 0.00
2 242.128 2.00 -0.10 -0.10 0.05
3 246.128 4.00 -0.10 -0.10 0.05
1 251.068 4.94 0.00 0.00 0.00
2 253.068 2.00 -0.10 -0.10 0.05
3 257.068 4.00 -0.10 -0.10 0.05
1 258.556 1.49 0.00 0.00 0.00
2 260.556 2.00 0.10 -0.10 0.05
3 264.556 4.00 0.10 -0.10 0.05
1 268.600 4.04 0.00 0.00 0.00
2 270.600 2.00 0.10 -0.10 0.05
3 274.600 4.00 0.10 -0.10 0.05
1 277.917 3.32 0.00 0.00 0.00
2 279.917 2.00 0.10 0.10 0.05
3 283.917 4.00 0.10 0.10 0.05
1 287.402 3.48 0.00 0.00 0.00
2 289.402 2.00 -0.10 -0.10 0.05
3 293.402 4.00 -0.10 -0.10 0.05
1 296.362 2.96 0.00 0.00 0.00
2 298.362 2.00 -0.10 0.10 0.05
3 302.362 4.00 -0.10 0.10 0.05
1 304.243 1.88 0.00 0.00 0.00
2 306.243 2.00 0.10 -0.10 0.05
3 310.243 4.00 0.10 -0.10 0.05
1 311.820 1.58 0.00 0.00 0.00
2 313.820 2.00 0.10 0.10 0.05
3 317.820 4.00 0.10 0.10 0.05
1 321.361 3.54 0.00 0.00 0.00
2 323.361 2.00 0.10 0.10 0.05
3 327.361 4.00 0.10 0.10 0.05
1 331.570 4.21 0.00 0.00 0.00
2 333.570 2.00 -0.10 -0.10 0.05
3 337.570 4.00 -0.10 -0.10 0.05
1 341.249 3.68 0.00 0.00 0.00
2 343.249 2.00 -0.10 0.10 0.05
3 347.249 4.00 -0.10 0.10 0.05
1 350.135 2.89 0.00 0.00 0.00
2 352.135 2.00 0.10 -0.10 0.05
3 356.135 4.00 0.10 -0.10 0.05
1 360.913 4.78 0.00 0.00 0.00
2 362.913 2.00 -0.10 0.10 0.05
3 366.913 4.00 -0.10 0.10 0.05
1 370.279 3.37 0.00 0.00 0.00
2 372.279 2.00 -0.10 0.10 0.05
3 376.279 4.00 -0.10 0.10 0.05
1 378.186 1.91 0.00 0.00 0.00
2 380.186 2.00 0.10 0.10 0.05
3 384.186 4.00 0.10 0.10 0.05
1 387.921 3.74 0.00 0.00 0.00
2 389.921 2.00 0.10 -0.10 0.05
3 393.921 4.00 0.10 -0.10 0.05
1 396.204 2.28 0.00 0.00 0.00
2 398.204 2.00 -0.10 -0.10 0.05
3 402.204 4.00 -0.10 -0.10 0.05
1 406.200 4.00 0.00 0.00 0.00
2 408.200 2.00 0.10 -0.10 0.05
3 412.200 4.00 0.10 -0.10 0.05
1 417.192 4.99 0.00 0.00 0.00
2 419.192 2.00 0.10 0.10 0.05
3 423.192 4.00 0.10 0.10 0.05
1 425.271 2.08 0.00 0.00 0.00
2 427.271 2.00 0.10 -0.10 0.05
3 431.271 4.00 0.10 -0.10 0.05
1 435.999 4.73 0.00 0.00 0.00
2 437.999 2.00 0.10 0.10 0.05
3 441.999 4.00 0.10 0.10 0.05
0 444.999 3.00 0.00 0.00 0.00
1 448.784 3.79 0.00 0.00 0.00
2 450.784 2.00 0.10 -0.10 0.05
3 454.784 4.00 0.10 -0.10 0.05
1 456.165 1.38 0.00 0.00 0.00
2 458.165 2.00 -0.10 -0.10 0.05
3 462.165 4.00 -0.10 -0.10 0.05
1 464.149 1.98 0.00 0.00 0.00
2 466.149 2.00 0.10 -0.10 0.05
3 470.149 4.00 0.10 -0.10 0.05
1 474.887 4.74 0.00 0.00 0.00
2 476.887 2.00 0.10 -0.10 0.05
3 480.887 4.00 0.10 -0.10 0.05
1 483.807 2.92 0.00 0.00 0.00
2 485.807 2.00 -0.10 -0.10 0.05
3 489.807 4.00 -0.10 -0.10 0.05
1 494.337 4.53 0.00 0.00 0.00
2 496.337 2.00 -0.10 -0.10 0.05
3 500.337 4.00 -0.10 -0.10 0.05
1 504.454 4.12 0.00 0.00 0.00
2 506.454 2.00 0.10 0.10 0.05
3 510.454 4.00 0.10 0.10 0.05
0 513.454 3.00 0.00 0.00 0.00
1 514.527 1.07 0.00 0.00 0.00
2 516.527 2.00 -0.10 0.10 0.05
3 520.527 4.00 -0.10 0.10 0.05
1 524.610 4.08 0.00 0.00 0.00
2 526.610 2.00 -0.10 0.10 0.05
3 530.610 4.00 -0.10 0.10 0.05
1 534.353 3.74 0.00 0.00 0.00
2 536.353 2.00 -0.10 0.10 0.05
3 540.353 4.00 -0.10 0.10 0.05
1 544.824 4.47 0.00 0.00 0.00
2 546.824 2.00 0.10 0.10 0.05
3 550.824 4.00 0.10 0.10 0.05
1 554.146 3.32 0.00 0.00 0.00
2 556.146 2.00 0.10 -0.10 0.05
3 560.146 4.00 0.10 -0.10 0.05
1 563.650 3.50 0.00 0.00 0.00
2 565.650 2.00 0.10 -0.10 0.05
3 569.650 4.00 0.10 -0.10 0.05
1 571.095 1.44 0.00 0.00 0.00
2 573.095 2.00 -0.10 0.10 0.05
3 577.095 4.00 -0.10 0.10 0.05
0 580.095 3.00 0.00 0.00 0.00
1 581.950 1.85 0.00 0.00 0.00
2 583.950 2.00 -0.10 -0.10 0.05
3 587.950 4.00 -0.10 -0.10 0.05
1 589.095 1.15 0.00 0.00 0.00
2 591.095 2.00 0.10 -0.10 0.05
3 595.095 4.00 0.10 -0.10 0.05
1 597.873 2.78 0.00 0.00 0.00
2 599.873 2.00 0.10 -0.10 0.05
3 603.873 4.00 0.10 -0.10 0.05
1 606.180 2.31 0.00 0.00 0.00
2 608.180 2.00 0.10 0.10 0.05
3 612.180 4.00 0.10 0.10 0.05
1 614.329 2.15 0.00 0.00 0.00
2 616.329 2.00 -0.10 -0.10 0.05
3 620.329 4.00 -0.10 -0.10 0.05
1 623.315 2.99 0.00 0.00 0.00
2 625.315 2.00 -0.10 -0.10 0.05
3 629.315 4.00 -0.10 -0.10 0.05
0 632.315 3.00 0.00 0.00 0.00
1 634.041 1.73 0.00 0.00 0.00
2 636.041 2.00 0.10 0.10 0.05
3 640.041 4.00 0.10 0.10 0.05
1 644.777 4.74 0.00 0.00 0.00
2 646.777 2.00 0.10 -0.10 0.05
3 650.777 4.00 0.10 -0.10 0.05
1 655.537 4.76 0.00 0.00 0.00
2 657.537 2.00 -0.10 0.10 0.05
3 661.537 4.00 -0.10 0.10 0.05
1 664.903 3.37 0.00 0.00 0.00
2 666.903 2.00 -0.10 0.10 0.05
3 670.903 4.00 -0.10 0.10 0.05
1 671.906 1.00 0.00 0.00 0.00
2 673.906 2.00 0.10 0.10 0.05
3 677.906 4.00 0.10 0.10 0.05
1 682.518 4.61 0.00 0.00 0.00
2 684.518 2.00 -0.10 0.10 0.05
3 688.518 4.00 -0.10 0.10 0.05
1 692.250 3.73 0.00 0.00 0.00
2 694.250 2.00 0.10 -0.10 0.05
3 698.250 4.00 0.10 -0.10 0.05
0 701.250 3.00 0.00 0.00 0.00
1 702.545 1.30 0.00 0.00 0.00
2 704.545 2.00 0.10 0.10 0.05
3 708.545 4.00 0.10 0.10 0.05
1 713.531 4.99 0.00 0.00 0.00
2 715.531 2.00 0.10 0.10 0.05
3 719.531 4.00 0.10 0.10 0.05
1 721.789 2.26 0.00 0.00 0.00
2 723.789 2.00 -0.10 0.10 0.05
3 727.789 4.00 -0.10 0.10 0.05
1 732.026 4.24 0.00 0.00 0.00
2 734.026 2.00 0.10 -0.10 0.05
3 738.026 4.00 0.10 -0.10 0.05
1 740.871 2.85 0.00 0.00 0.00
2 742.871 2.00 -0.10 -0.10 0.05
3 746.871 4.00 -0.10 -0.10 0.05
1 750.220 3.35 0.00 0.00 0.00
2 752.220 2.00 -0.10 -0.10 0.05
3 756.220 4.00 -0.10 -0.10 0.05
1 759.130 2.91 0.00 0.00 0.00
2 761.130 2.00 0.10 0.10 0.05
3 765.130 4.00 0.10 0.10 0.05
0 770.000 5.00 0.00 0.00 0.00
