0 8.000 8.00 0.00 0.00 0.00
1 11.000 3.00 0.00 0.00 0.00
2 12.000 1.00 0.10 0.10 0.05
3 15.000 3.00 0.10 0.10 0.05
1 19.000 4.00 0.00 0.00 0.00
2 21.000 2.00 0.10 -0.10 0.05
3 24.000 3.00 0.10 -0.10 0.05
1 28.000 4.00 0.00 0.00 0.00
2 31.000 3.00 0.10 -0.10 0.05
3 34.000 3.00 0.10 -0.10 0.05
1 38.000 4.00 0.00 0.00 0.00
2 40.000 2.00 -0.10 0.10 0.05
3 43.000 3.00 -0.10 0.10 0.05
1 47.000 4.00 0.00 0.00 0.00
2 48.000 1.00 -0.10 0.10 0.05
3 51.000 3.00 -0.10 0.10 0.05
1 55.000 4.00 0.00 0.00 0.00
2 58.000 3.00 -0.10 0.10 0.05
3 61.000 3.00 -0.10 0.10 0.05
1 65.000 4.00 0.00 0.00 0.00
2 66.000 1.00 -0.10 -0.10 0.05
3 69.000 3.00 -0.10 -0.10 0.05
1 72.000 3.00 0.00 0.00 0.00
2 74.000 2.00 -0.10 -0.10 0.05
3 77.000 3.00 -0.10 -0.10 0.05
1 79.000 2.00 0.00 0.00 0.00
2 82.000 3.00 0.10 -0.10 0.05
3 85.000 3.00 0.10 -0.10 0.05
1 89.000 4.00 0.00 0.00 0.00
2 90.000 1.00 0.10 -0.10 0.05
3 93.000 3.00 0.10 -0.10 0.05
1 97.000 4.00 0.00 0.00 0.00
2 98.000 1.00 0.10 0.10 0.05
3 101.000 3.00 0.10 0.10 0.05
0 104.000 3.00 0.00 0.00 0.00
1 108.000 4.00 0.00 0.00 0.00
2 109.000 1.00 0.10 -0.10 0.05
3 112.000 3.00 0.10 -0.10 0.05
1 115.000 3.00 0.00 0.00 0.00
2 117.000 2.00 -0.10 -0.10 0.05
3 120.000 3.00 -0.10 -0.10 0.05
0 123.000 3.00 0.00 0.00 0.00
1 126.000 3.00 0.00 0.00 0.00
2 129.000 3.00 -0.10 -0.10 0.05
3 132.000 3.00 -0.10 -0.10 0.05
1 134.000 2.00 0.00 0.00 0.00
2 136.000 2.00 -0.10 0.10 0.05
3 139.000 3.00 -0.10 0.10 0.05
1 143.000 4.00 0.00 0.00 0.00
2 145.000 2.00 0.10 -0.10 0.05
3 148.000 3.00 0.10 -0.10 0.05
1 150.000 2.00 0.00 0.00 0.00
2 152.000 2.00 -0.10 0.10 0.05
3 155.000 3.00 -0.10 0.10 0.05
0 158.000 3.00 0.00 0.00 0.00
1 162.000 4.00 0.00 0.00 0.00
2 164.000 2.00 -0.10 -0.10 0.05
3 167.000 3.00 -0.10 -0.10 0.05
1 171.000 4.00 0.00 0.00 0.00
2 174.000 3.00 -0.10 0.10 0.05
3 177.000 3.00 -0.10 0.10 0.05
1 179.000 2.00 0.00 0.00 0.00
2 182.000 3.00 0.10 0.10 0.05
3 185.000 3.00 0.10 0.10 0.05
1 187.000 2.00 0.00 0.00 0.00
2 190.000 3.00 -0.10 -0.10 0.05
3 193.000 3.00 -0.10 -0.10 0.05
1 196.000 3.00 0.00 0.00 0.00
2 199.000 3.00 -0.10 0.10 0.05
3 202.000 3.00 -0.10 0.10 0.05
1 205.000 3.00 0.00 0.00 0.00
2 208.000 3.00 0.10 0.10 0.05
3 211.000 3.00 0.10 0.10 0.05
1 215.000 4.00 0.00 0.00 0.00
2 216.000 1.00 0.10 0.10 0.05
3 219.000 3.00 0.10 0.10 0.05
1 223.000 4.00 0.00 0.00 0.00
2 224.000 1.00 -0.10 -0.10 0.05
3 227.000 3.00 -0.10 -0.10 0.05
1 230.000 3.00 0.00 0.00 0.00
2 232.000 2.00 -0.10 -0.10 0.05
3 235.000 3.00 -0.10 -0.10 0.05
1 238.000 3.00 0.00 0.00 0.00
2 241.000 3.00 0.10 -0.10 0.05
3 244.000 3.00 0.10 -0.10 0.05
1 248.000 4.00 0.00 0.00 0.00
2 251.000 3.00 0.10 -0.10 0.05
3 254.000 3.00 0.10 -0.10 0.05
1 257.000 3.00 0.00 0.00 0.00
2 259.000 2.00 -0.10 -0.10 0.05
3 262.000 3.00 -0.10 -0.10 0.05
1 266.000 4.00 0.00 0.00 0.00
2 267.000 1.00 0.10 0.10 0.05
3 270.000 3.00 0.10 0.10 0.05
1 273.000 3.00 0.00 0.00 0.00
2 274.000 1.00 0.10 0.10 0.05
3 277.000 3.00 0.10 0.10 0.05
1 281.000 4.00 0.00 0.00 0.00
2 283.000 2.00 0.10 0.10 0.05
3 286.000 3.00 0.10 0.10 0.05
1 289.000 3.00 0.00 0.00 0.00
2 292.000 3.00 0.10 -0.10 0.05
3 295.000 3.00 0.10 -0.10 0.05
1 299.000 4.00 0.00 0.00 0.00
2 301.000 2.00 0.10 -0.10 0.05
3 304.000 3.00 0.10 -0.10 0.05
1 306.000 2.00 0.00 0.00 0.00
2 307.000 1.00 0.10 0.10 0.05
3 310.000 3.00 0.10 0.10 0.05
1 312.000 2.00 0.00 0.00 0.00
2 314.000 2.00 -0.10 0.10 0.05
3 317.000 3.00 -0.10 0.10 0.05
1 319.000 2.00 0.00 0.00 0.00
2 320.000 1.00 -0.10 -0.10 0.05
3 323.000 3.00 -0.10 -0.10 0.05
0 326.000 3.00 0.00 0.00 0.00
1 328.000 2.00 0.00 0.00 0.00
2 329.000 1.00 0.10 0.10 0.05
3 332.000 3.00 0.10 0.10 0.05
1 335.000 3.00 0.00 0.00 0.00
2 337.000 2.00 -0.10 0.10 0.05
3 340.000 3.00 -0.10 0.10 0.05
0 343.000 3.00 0.00 0.00 0.00
1 347.000 4.00 0.00 0.00 0.00
2 348.000 1.00 -0.10 0.10 0.05
3 351.000 3.00 -0.10 0.10 0.05
0 354.000 3.00 0.00 0.00 0.00
