0 8.000 8.00 0.00 0.00 0.00
1 11.000 3.00 0.00 0.00 0.00
2 13.000 2.00 0.10 -0.10 0.05
3 16.000 3.00 0.10 -0.10 0.05
0 19.000 3.00 0.00 0.00 0.00
0 22.000 3.00 0.00 0.00 0.00
1 25.000 3.00 0.00 0.00 0.00
2 28.000 3.00 -0.10 -0.10 0.05
3 31.000 3.00 -0.10 -0.10 0.05
1 33.000 2.00 0.00 0.00 0.00
2 36.000 3.00 0.10 0.10 0.05
3 39.000 3.00 0.10 0.10 0.05
1 43.000 4.00 0.00 0.00 0.00
2 44.000 1.00 -0.10 0.10 0.05
3 47.000 3.00 -0.10 0.10 0.05
1 49.000 2.00 0.00 0.00 0.00
2 51.000 2.00 -0.10 -0.10 0.05
3 54.000 3.00 -0.10 -0.10 0.05
1 58.000 4.00 0.00 0.00 0.00
2 60.000 2.00 0.10 0.10 0.05
3 63.000 3.00 0.10 0.10 0.05
1 65.000 2.00 0.00 0.00 0.00
2 67.000 2.00 -0.10 -0.10 0.05
3 70.000 3.00 -0.10 -0.10 0.05
1 73.000 3.00 0.00 0.00 0.00
2 75.000 2.00 0.10 -0.10 0.05
3 78.000 3.00 0.10 -0.10 0.05
1 80.000 2.00 0.00 0.00 0.00
2 83.000 3.00 -0.10 0.10 0.05
3 86.000 3.00 -0.10 0.10 0.05
1 89.000 3.00 0.00 0.00 0.00
2 91.000 2.00 0.10 0.10 0.05
3 94.000 3.00 0.10 0.10 0.05
1 96.000 2.00 0.00 0.00 0.00
2 98.000 2.00 0.10 -0.10 0.05
3 101.000 3.00 0.10 -0.10 0.05
1 103.000 2.00 0.00 0.00 0.00
2 104.000 1.00 0.10 -0.10 0.05
3 107.000 3.00 0.10 -0.10 0.05
1 111.000 4.00 0.00 0.00 0.00
2 113.000 2.00 0.10 -0.10 0.05
3 116.000 3.00 0.10 -0.10 0.05
1 118.000 2.00 0.00 0.00 0.00
2 120.000 2.00 0.10 -0.10 0.05
3 123.000 3.00 0.10 -0.10 0.05
1 127.000 4.00 0.00 0.00 0.00
2 128.000 1.00 -0.10 0.10 0.05
3 131.000 3.00 -0.10 0.10 0.05
1 135.000 4.00 0.00 0.00 0.00
2 136.000 1.00 0.10 0.10 0.05
3 139.000 3.00 0.10 0.10 0.05
0 142.000 3.00 0.00 0.00 0.00
1 144.000 2.00 0.00 0.00 0.00
2 145.000 1.00 0.10 0.10 0.05
3 148.000 3.00 0.10 0.10 0.05
1 152.000 4.00 0.00 0.00 0.00
2 153.000 1.00 -0.10 0.10 0.05
3 156.000 3.00 -0.10 0.10 0.05
1 160.000 4.00 0.00 0.00 0.00
2 161.000 1.00 -0.10 0.10 0.05
3 164.000 3.00 -0.10 0.10 0.05
1 166.000 2.00 0.00 0.00 0.00
2 169.000 3.00 0.10 -0.10 0.05
3 172.000 3.00 0.10 -0.10 0.05
1 174.000 2.00 0.00 0.00 0.00
2 176.000 2.00 0.10 0.10 0.05
3 179.000 3.00 0.10 0.10 0.05
1 183.000 4.00 0.00 0.00 0.00
2 186.000 3.00 0.10 0.10 0.05
3 189.000 3.00 0.10 0.10 0.05
1 193.000 4.00 0.00 0.00 0.00
2 196.000 3.00 0.10 -0.10 0.05
3 199.000 3.00 0.10 -0.10 0.05
1 202.000 3.00 0.00 0.00 0.00
2 203.000 1.00 -0.10 -0.10 0.05
3 206.000 3.00 -0.10 -0.10 0.05
0 209.000 3.00 0.00 0.00 0.00
1 212.000 3.00 0.00 0.00 0.00
2 213.000 1.00 0.10 0.10 0.05
3 216.000 3.00 0.10 0.10 0.05
1 220.000 4.00 0.00 0.00 0.00
2 222.000 2.00 -0.10 0.10 0.05
3 225.000 3.00 -0.10 0.10 0.05
1 229.000 4.00 0.00 0.00 0.00
2 232.000 3.00 -0.10 -0.10 0.05
3 235.000 3.00 -0.10 -0.10 0.05
1 238.000 3.00 0.00 0.00 0.00
2 239.000 1.00 -0.10 0.10 0.05
3 242.000 3.00 -0.10 0.10 0.05
1 246.000 4.00 0.00 0.00 0.00
2 249.000 3.00 -0.10 -0.10 0.05
3 252.000 3.00 -0.10 -0.10 0.05
1 256.000 4.00 0.00 0.00 0.00
2 259.000 3.00 0.10 0.10 0.05
3 262.000 3.00 0.10 0.10 0.05
1 266.000 4.00 0.00 0.00 0.00
2 268.000 2.00 -0.10 -0.10 0.05
3 271.000 3.00 -0.10 -0.10 0.05
0 274.000 3.00 0.00 0.00 0.00
1 278.000 4.00 0.00 0.00 0.00
2 280.000 2.00 -0.10 -0.10 0.05
3 283.000 3.00 -0.10 -0.10 0.05
1 287.000 4.00 0.00 0.00 0.00
2 288.000 1.00 0.10 0.10 0.05
3 291.000 3.00 0.10 0.10 0.05
1 295.000 4.00 0.00 0.00 0.00
2 296.000 1.00 -0.10 0.10 0.05
3 299.000 3.00 -0.10 0.10 0.05
1 302.000 3.00 0.00 0.00 0.00
2 304.000 2.00 -0.10 0.10 0.05
3 307.000 3.00 -0.10 0.10 0.05
1 309.000 2.00 0.00 0.00 0.00
2 312.000 3.00 0.10 -0.10 0.05
3 315.000 3.00 0.10 -0.10 0.05
1 318.000 3.00 0.00 0.00 0.00
2 321.000 3.00 -0.10 -0.10 0.05
3 324.000 3.00 -0.10 -0.10 0.05
1 327.000 3.00 0.00 0.00 0.00
2 330.000 3.00 -0.10 0.10 0.05
3 333.000 3.00 -0.10 0.10 0.05
1 336.000 3.00 0.00 0.00 0.00
2 339.000 3.00 -0.10 -0.10 0.05
3 342.000 3.00 -0.10 -0.10 0.05
1 346.000 4.00 0.00 0.00 0.00
2 348.000 2.00 0.10 -0.10 0.05
3 351.000 3.00 0.10 -0.10 0.05
0 354.000 3.00 0.00 0.00 0.00
