0 8.000 8.00 0.00 0.00 0.00
1 10.000 2.00 0.00 0.00 0.00
2 11.000 1.00 0.10 0.10 0.05
3 14.000 3.00 0.10 0.10 0.05
1 17.000 3.00 0.00 0.00 0.00
2 18.000 1.00 0.10 -0.10 0.05
3 21.000 3.00 0.10 -0.10 0.05
1 23.000 2.00 0.00 0.00 0.00
2 26.000 3.00 0.10 -0.10 0.05
3 29.000 3.00 0.10 -0.10 0.05
0 32.000 3.00 0.00 0.00 0.00
1 35.000 3.00 0.00 0.00 0.00
2 37.000 2.00 0.10 0.10 0.05
3 40.000 3.00 0.10 0.10 0.05
1 44.000 4.00 0.00 0.00 0.00
2 46.000 2.00 -0.10 0.10 0.05
3 49.000 3.00 -0.10 0.10 0.05
1 51.000 2.00 0.00 0.00 0.00
2 53.000 2.00 0.10 -0.10 0.05
3 56.000 3.00 0.10 -0.10 0.05
1 60.000 4.00 0.00 0.00 0.00
2 63.000 3.00 0.10 -0.10 0.05
3 66.000 3.00 0.10 -0.10 0.05
1 70.000 4.00 0.00 0.00 0.00
2 72.000 2.00 0.10 -0.10 0.05
3 75.000 3.00 0.10 -0.10 0.05
0 78.000 3.00 0.00 0.00 0.00
1 82.000 4.00 0.00 0.00 0.00
2 85.000 3.00 0.10 0.10 0.05
3 88.000 3.00 0.10 0.10 0.05
1 92.000 4.00 0.00 0.00 0.00
2 94.000 2.00 -0.10 0.10 0.05
3 97.000 3.00 -0.10 0.10 0.05
1 99.000 2.00 0.00 0.00 0.00
2 101.000 2.00 0.10 -0.10 0.05
3 104.000 3.00 0.10 -0.10 0.05
1 107.000 3.00 0.00 0.00 0.00
2 110.000 3.00 -0.10 0.10 0.05
3 113.000 3.00 -0.10 0.10 0.05
1 116.000 3.00 0.00 0.00 0.00
2 119.000 3.00 0.10 -0.10 0.05
3 122.000 3.00 0.10 -0.10 0.05
1 126.000 4.00 0.00 0.00 0.00
2 129.000 3.00 -0.10 -0.10 0.05
3 132.000 3.00 -0.10 -0.10 0.05
1 136.000 4.00 0.00 0.00 0.00
2 139.000 3.00 -0.10 0.10 0.05
3 142.000 3.00 -0.10 0.10 0.05
1 146.000 4.00 0.00 0.00 0.00
2 147.000 1.00 -0.10 0.10 0.05
3 150.000 3.00 -0.10 0.10 0.05
0 153.000 3.00 0.00 0.00 0.00
1 157.000 4.00 0.00 0.00 0.00
2 159.000 2.00 0.10 -0.10 0.05
3 162.000 3.00 0.10 -0.10 0.05
1 164.000 2.00 0.00 0.00 0.00
2 166.000 2.00 0.10 -0.10 0.05
3 169.000 3.00 0.10 -0.10 0.05
1 173.000 4.00 0.00 0.00 0.00
2 175.000 2.00 -0.10 -0.10 0.05
3 178.000 3.00 -0.10 -0.10 0.05
1 180.000 2.00 0.00 0.00 0.00
2 182.000 2.00 -0.10 -0.10 0.05
3 185.000 3.00 -0.10 -0.10 0.05
1 187.000 2.00 0.00 0.00 0.00
2 189.000 2.00 -0.10 0.10 0.05
3 192.000 3.00 -0.10 0.10 0.05
1 194.000 2.00 0.00 0.00 0.00
2 197.000 3.00 0.10 -0.10 0.05
3 200.000 3.00 0.10 -0.10 0.05
1 203.000 3.00 0.00 0.00 0.00
2 204.000 1.00 -0.10 -0.10 0.05
3 207.000 3.00 -0.10 -0.10 0.05
0 210.000 3.00 0.00 0.00 0.00
1 212.000 2.00 0.00 0.00 0.00
2 215.000 3.00 -0.10 -0.10 0.05
3 218.000 3.00 -0.10 -0.10 0.05
0 221.000 3.00 0.00 0.00 0.00
1 223.000 2.00 0.00 0.00 0.00
2 226.000 3.00 -0.10 0.10 0.05
3 229.000 3.00 -0.10 0.10 0.05
1 232.000 3.00 0.00 0.00 0.00
2 233.000 1.00 -0.10 -0.10 0.05
3 236.000 3.00 -0.10 -0.10 0.05
1 239.000 3.00 0.00 0.00 0.00
2 240.000 1.00 0.10 0.10 0.05
3 243.000 3.00 0.10 0.10 0.05
1 247.000 4.00 0.00 0.00 0.00
2 250.000 3.00 -0.10 -0.10 0.05
3 253.000 3.00 -0.10 -0.10 0.05
1 256.000 3.00 0.00 0.00 0.00
2 257.000 1.00 0.10 0.10 0.05
3 260.000 3.00 0.10 0.10 0.05
1 262.000 2.00 0.00 0.00 0.00
2 263.000 1.00 0.10 0.10 0.05
3 266.000 3.00 0.10 0.10 0.05
1 269.000 3.00 0.00 0.00 0.00
2 272.000 3.00 -0.10 -0.10 0.05
3 275.000 3.00 -0.10 -0.10 0.05
1 279.000 4.00 0.00 0.00 0.00
2 280.000 1.00 0.10 0.10 0.05
3 283.000 3.00 0.10 0.10 0.05
1 285.000 2.00 0.00 0.00 0.00
2 286.000 1.00 -0.10 0.10 0.05
3 289.000 3.00 -0.10 0.10 0.05
1 293.000 4.00 0.00 0.00 0.00
2 294.000 1.00 0.10 0.10 0.05
3 297.000 3.00 0.10 0.10 0.05
1 300.000 3.00 0.00 0.00 0.00
2 303.000 3.00 -0.10 0.10 0.05
3 306.000 3.00 -0.10 0.10 0.05
1 310.000 4.00 0.00 0.00 0.00
2 312.000 2.00 0.10 0.10 0.05
3 315.000 3.00 0.10 0.10 0.05
1 319.000 4.00 0.00 0.00 0.00
2 322.000 3.00 -0.10 0.10 0.05
3 325.000 3.00 -0.10 0.10 0.05
1 329.000 4.00 0.00 0.00 0.00
2 332.000 3.00 -0.10 -0.10 0.05
3 335.000 3.00 -0.10 -0.10 0.05
1 337.000 2.00 0.00 0.00 0.00
2 339.000 2.00 0.10 0.10 0.05
3 342.000 3.00 0.10 0.10 0.05
1 345.000 3.00 0.00 0.00 0.00
2 348.000 3.00 -0.10 -0.10 0.05
3 351.000 3.00 -0.10 -0.10 0.05
0 354.000 3.00 0.00 0.00 0.00
