0 8.000 8.00 0.00 0.00 0.00
1 12.000 4.00 0.00 0.00 0.00
2 15.000 3.00 -0.10 -0.10 0.05
3 18.000 3.00 -0.10 -0.10 0.05
1 20.000 2.00 0.00 0.00 0.00
2 22.000 2.00 -0.10 0.10 0.05
3 25.000 3.00 -0.10 0.10 0.05
1 29.000 4.00 0.00 0.00 0.00
2 30.000 1.00 -0.10 -0.10 0.05
3 33.000 3.00 -0.10 -0.10 0.05
0 36.000 3.00 0.00 0.00 0.00
1 39.000 3.00 0.00 0.00 0.00
2 41.000 2.00 0.10 0.10 0.05
3 44.000 3.00 0.10 0.10 0.05
1 47.000 3.00 0.00 0.00 0.00
2 48.000 1.00 0.10 -0.10 0.05
3 51.000 3.00 0.10 -0.10 0.05
1 53.000 2.00 0.00 0.00 0.00
2 55.000 2.00 0.10 -0.10 0.05
3 58.000 3.00 0.10 -0.10 0.05
1 61.000 3.00 0.00 0.00 0.00
2 62.000 1.00 0.10 -0.10 0.05
3 65.000 3.00 0.10 -0.10 0.05
1 68.000 3.00 0.00 0.00 0.00
2 70.000 2.00 -0.10 0.10 0.05
3 73.000 3.00 -0.10 0.10 0.05
1 77.000 4.00 0.00 0.00 0.00
2 79.000 2.00 -0.10 -0.10 0.05
3 82.000 3.00 -0.10 -0.10 0.05
1 86.000 4.00 0.00 0.00 0.00
2 87.000 1.00 -0.10 0.10 0.05
3 90.000 3.00 -0.10 0.10 0.05
1 92.000 2.00 0.00 0.00 0.00
2 93.000 1.00 -0.10 -0.10 0.05
3 96.000 3.00 -0.10 -0.10 0.05
1 99.000 3.00 0.00 0.00 0.00
2 101.000 2.00 0.10 0.10 0.05
3 104.000 3.00 0.10 0.10 0.05
0 107.000 3.00 0.00 0.00 0.00
1 111.000 4.00 0.00 0.00 0.00
2 114.000 3.00 -0.10 0.10 0.05
3 117.000 3.00 -0.10 0.10 0.05
0 120.000 3.00 0.00 0.00 0.00
1 124.000 4.00 0.00 0.00 0.00
2 126.000 2.00 -0.10 0.10 0.05
3 129.000 3.00 -0.10 0.10 0.05
1 133.000 4.00 0.00 0.00 0.00
2 135.000 2.00 0.10 0.10 0.05
3 138.000 3.00 0.10 0.10 0.05
1 141.000 3.00 0.00 0.00 0.00
2 142.000 1.00 -0.10 0.10 0.05
3 145.000 3.00 -0.10 0.10 0.05
1 149.000 4.00 0.00 0.00 0.00
2 151.000 2.00 0.10 0.10 0.05
3 154.000 3.00 0.10 0.10 0.05
1 156.000 2.00 0.00 0.00 0.00
2 158.000 2.00 -0.10 -0.10 0.05
3 161.000 3.00 -0.10 -0.10 0.05
1 165.000 4.00 0.00 0.00 0.00
2 167.000 2.00 -0.10 -0.10 0.05
3 170.000 3.00 -0.10 -0.10 0.05
1 173.000 3.00 0.00 0.00 0.00
2 176.000 3.00 0.10 0.10 0.05
3 179.000 3.00 0.10 0.10 0.05
1 181.000 2.00 0.00 0.00 0.00
2 182.000 1.00 0.10 0.10 0.05
3 185.000 3.00 0.10 0.10 0.05
0 188.000 3.00 0.00 0.00 0.00
1 192.000 4.00 0.00 0.00 0.00
2 195.000 3.00 0.10 0.10 0.05
3 198.000 3.00 0.10 0.10 0.05
1 202.000 4.00 0.00 0.00 0.00
2 203.000 1.00 0.10 0.10 0.05
3 206.000 3.00 0.10 0.10 0.05
1 210.000 4.00 0.00 0.00 0.00
2 213.000 3.00 0.10 -0.10 0.05
3 216.000 3.00 0.10 -0.10 0.05
1 220.000 4.00 0.00 0.00 0.00
2 222.000 2.00 0.10 -0.10 0.05
3 225.000 3.00 0.10 -0.10 0.05
1 228.000 3.00 0.00 0.00 0.00
2 231.000 3.00 -0.10 -0.10 0.05
3 234.000 3.00 -0.10 -0.10 0.05
1 237.000 3.00 0.00 0.00 0.00
2 238.000 1.00 0.10 0.10 0.05
3 241.000 3.00 0.10 0.10 0.05
1 243.000 2.00 0.00 0.00 0.00
2 244.000 1.00 0.10 -0.10 0.05
3 247.000 3.00 0.10 -0.10 0.05
1 251.000 4.00 0.00 0.00 0.00
2 252.000 1.00 -0.10 0.10 0.05
3 255.000 3.00 -0.10 0.10 0.05
1 258.000 3.00 0.00 0.00 0.00
2 261.000 3.00 -0.10 -0.10 0.05
3 264.000 3.00 -0.10 -0.10 0.05
1 267.000 3.00 0.00 0.00 0.00
2 268.000 1.00 0.10 -0.10 0.05
3 271.000 3.00 0.10 -0.10 0.05
1 273.000 2.00 0.00 0.00 0.00
2 274.000 1.00 0.10 -0.10 0.05
3 277.000 3.00 0.10 -0.10 0.05
1 280.000 3.00 0.00 0.00 0.00
2 283.000 3.00 -0.10 0.10 0.05
3 286.000 3.00 -0.10 0.10 0.05
1 290.000 4.00 0.00 0.00 0.00
2 291.000 1.00 0.10 -0.10 0.05
3 294.000 3.00 0.10 -0.10 0.05
1 298.000 4.00 0.00 0.00 0.00
2 300.000 2.00 -0.10 -0.10 0.05
3 303.000 3.00 -0.10 -0.10 0.05
1 307.000 4.00 0.00 0.00 0.00
2 308.000 1.00 -0.10 -0.10 0.05
3 311.000 3.00 -0.10 -0.10 0.05
1 314.000 3.00 0.00 0.00 0.00
2 317.000 3.00 -0.10 0.10 0.05
3 320.000 3.00 -0.10 0.10 0.05
0 323.000 3.00 0.00 0.00 0.00
1 327.000 4.00 0.00 0.00 0.00
2 330.000 3.00 -0.10 0.10 0.05
3 333.000 3.00 -0.10 0.10 0.05
1 336.000 3.00 0.00 0.00 0.00
2 338.000 2.00 0.10 0.10 0.05
3 341.000 3.00 0.10 0.10 0.05
1 345.000 4.00 0.00 0.00 0.00
2 348.000 3.00 0.10 -0.10 0.05
3 351.000 3.00 0.10 -0.10 0.05
0 354.000 3.00 0.00 0.00 0.00
